name	clus_1	clus_2	clus_3	clus_4	clus_5	clus_6	clus_7	clus_8	clus_9	clus_10	memb	cluster	subregion
S_380313N1219426W001	0.9851	0	0.0026	0.0122	0	0.0001	0	0	0	0	1	1	sub6
S_381626N1213651W001	0	0.9997	0.0003	0	0	0	0	0	0	0	2	2	sub7
S_382346N1211464W001	0.0005	0.1878	0.4888	0.0028	0.3193	0	0.0001	0.0006	0.0001	0	3	3	sub8
S_382615N1220919W001	0.0001	0.001	0.001	0.9964	0	0.0008	0.0003	0.0001	0	0.0003	4	4	sub6
S_382623N1212973W001	0.0723	0.1217	0.7261	0.0091	0.0657	0.001	0.0002	0.002	0.0016	0.0001	3	3	sub8
S_382939N1213904W001	0.0196	0.485	0.4573	0.0373	0.0001	0.0005	0	0	0.0002	0	2	2	sub8
S_382940N1213379W001	0	0	0	0	1	0	0	0	0	0	5	5	sub8
S_383009N1214224W001	0.8885	0.0012	0.0133	0.0008	0.0952	0.0004	0	0	0.0007	0	1	1	sub8
S_383270N1214736W001	0.2195	0.1968	0.0272	0.5093	0.0004	0.0419	0.0001	0.0001	0.004	0.0008	4	4	sub9
S_383483N1213280W001	0	0	0	0	1	0	0	0	0	0	5	5	sub8
S_383527N1211081W001	0.7263	0.0001	0.0379	0.0054	0.2264	0.0009	0.0007	0.0003	0.0021	0.0001	1	1	sub8
S_383636N1212922W001	0	0	0	0	1	0	0	0	0	0	5	5	sub8
S_384159N1217303W001	0.0005	0.4972	0.0057	0.4496	0.0002	0.0056	0.0196	0.0165	0.0005	0.0046	2	2	sub9
S_384159N1217303W002	0.0994	0.0795	0.0369	0.4346	0.0002	0.308	0.0004	0.0006	0.04	0.0003	4	4	sub9
S_384159N1217303W003	0.3067	0.0063	0.0154	0.0448	0.0001	0.4776	0.0002	0.0005	0.1482	0.0001	6	6	sub9
S_384183N1212123W001	0	0	0	0	1	0	0	0	0	0	5	5	sub8
S_384600N1211432W001	0.0499	0.198	0.012	0.0453	0.1608	0.0141	0.3966	0.024	0.0522	0.047	7	7	sub8
S_384899N1218682W001	0	0.0004	0	0	0.9993	0	0.0002	0	0	0	5	5	sub6
S_384931N1211797W001	0.0003	0.0035	0.001	0	0.9953	0	0	0	0	0	5	5	sub8
S_385106N1219735W001	0.0919	0.0048	0.4197	0.0002	0.4831	0	0	0	0.0002	0	5	5	sub6
S_385567N1214751W001	0	0.0005	0.0001	0	0.9993	0	0	0	0	0	5	5	sub8
S_385687N1218046W001	0	0.0002	0	0	0.9998	0	0	0	0	0	5	5	sub6
S_385828N1213385W001	0.0002	0.3174	0.0066	0.6616	0.0018	0.0002	0.0107	0.0005	0.0004	0.0006	4	4	sub7
S_385841N1214185W001	0.0002	0.0002	0.0004	0.9992	0	0	0	0	0	0	4	4	sub7
S_385914N1212475W001	0.0003	0.8015	0.0011	0.1919	0.0001	0.0021	0.0013	0.0006	0.0006	0.0006	2	2	sub8
S_385923N1211621W001	0.0014	0.5238	0.0028	0.0452	0.1103	0.0113	0.2149	0.0156	0.0022	0.0726	2	2	sub8
S_385947N1213985W001	0	0	0	0	0	0.9976	0.0002	0	0.0001	0.0021	6	6	sub7
S_385947N1213985W002	0	0	0	0	0	0.9907	0	0	0	0.0092	6	6	sub7
S_385947N1213985W003	0	0.0003	0	0	0	0.9929	0.0001	0	0.0001	0.0067	6	6	sub7
S_385947N1213985W004	0	0.0005	0	0	0	0.9899	0.0001	0	0.0001	0.0093	6	6	sub7
S_386008N1215488W001	0.002	0.0005	0.0008	0.0531	0.0005	0.0068	0.0043	0.6754	0.0169	0.2397	8	8	sub7
S_386041N1216747W001	0.0002	0.0001	0.0054	0.0003	0	0.9941	0	0	0	0	6	6	sub6
S_386041N1216747W002	0.0002	0	0	0	0	0.9998	0	0	0	0	6	6	sub6
S_386062N1215602W001	0.0001	0.0009	0.0002	0.9967	0	0.0004	0.0002	0.0007	0.0001	0.0007	4	4	sub6
S_386062N1215602W002	0.0001	0.002	0.0003	0.995	0	0.0008	0.0002	0.0008	0.0002	0.0007	4	4	sub6
S_386310N1213864W001	0.0039	0.0006	0.0003	0.0002	0	0.9882	0.0004	0.0001	0.0051	0.0012	6	6	sub7
S_386330N1217103W001	0.004	0	0	0	0	0.9952	0	0	0.0008	0	6	6	sub6
S_386401N1216605W001	0	0	0	0	0	1	0	0	0	0	6	6	sub6
S_386410N1213995W001	0.863	0.0032	0.0086	0.0066	0.03	0.0313	0.0297	0.001	0.0249	0.0018	1	1	sub7
S_386464N1216675W001	0.0017	0.0048	0.0715	0.6481	0.0001	0.0044	0.0007	0.264	0.0029	0.0018	4	4	sub6
S_386464N1216675W002	0.1242	0.0014	0.0568	0.234	0	0.5253	0	0.0036	0.0528	0.0019	6	6	sub6
S_386464N1216675W003	0.0313	0	0	0	0	0.9533	0	0	0.0153	0	6	6	sub6
S_386464N1216675W004	0.0159	0	0.0001	0	0	0.981	0	0	0.003	0	6	6	sub6
S_386466N1216729W001	0.0001	0	0	0	0	0.998	0	0	0	0.0019	6	6	sub6
S_386470N1216654W001	0.006	0	0	0	0	0.9932	0	0	0.0007	0	6	6	sub6
S_386472N1216814W001	0	0	0	0	0	1	0	0	0	0	6	6	sub6
S_386477N1216907W001	0	0	0	0	0	1	0	0	0	0	6	6	sub6
S_386479N1217101W001	0.0016	0.0098	0.0029	0.0131	0.709	0.006	0.156	0.0407	0.003	0.058	5	5	sub6
S_386479N1217101W002	0.0005	0	0	0	0	0.9722	0	0	0.0273	0	6	6	sub6
S_386484N1213715W001	0.0015	0.0002	0.0002	0.0009	0.0012	0.0021	0.9794	0.0017	0.01	0.0026	7	7	sub7
S_386527N1216673W001	0	0	0	0	0	1	0	0	0	0	6	6	sub6
S_386547N1215320W001	0.0009	0.0002	0.0099	0.9888	0	0.0002	0	0	0	0	4	4	sub7
S_386548N1216750W001	0.005	0	0	0	0	0.9947	0	0	0.0002	0	6	6	sub6
S_386583N1216680W001	0	0	0	0	0	1	0	0	0	0	6	6	sub6
S_386629N1216395W001	0.0331	0.0001	0.0001	0	0	0.9631	0	0	0.0036	0	6	6	sub6
S_386720N1217096W001	0.0007	0.0148	0.9408	0.0126	0	0.0305	0	0.0001	0.0005	0	3	3	sub6
S_386720N1217096W002	0.0001	0	0	0	0	0.9998	0	0	0.0001	0	6	6	sub6
S_386759N1216446W001	0.0002	0	0.0001	0	0	0.9948	0	0	0.0048	0	6	6	sub6
S_386759N1216446W002	0.0027	0	0	0	0	0.9967	0	0	0.0005	0	6	6	sub6
S_386782N1215943W001	0	0.017	0.0005	0	0.9746	0	0.0079	0	0	0	5	5	sub7
S_386782N1215943W002	0	0.977	0.0228	0.0002	0	0	0	0	0	0	2	2	sub7
S_386782N1215943W003	0.0125	0	0.0015	0.0035	0	0.9737	0	0	0.0088	0	6	6	sub7
S_386782N1215943W004	0.1344	0	0.006	0.0038	0	0.8555	0	0	0.0003	0	6	6	sub7
S_386864N1215222W001	0.0002	0.4133	0.2893	0.0007	0.2866	0.0002	0.0082	0.0012	0.0002	0.0002	2	2	sub7
S_386864N1215222W002	0.0071	0.0012	0.0007	0.011	0	0.2302	0	0.0005	0.7493	0.0001	9	9	sub7
S_386864N1215222W003	0.0015	0.0196	0.0026	0.0495	0.0212	0.0039	0.8694	0.0048	0.003	0.0245	7	7	sub7
S_387196N1216083W001	0.0128	0.0035	0.1721	0.2765	0.0688	0.0023	0.0003	0.2359	0.2277	0.0001	4	4	sub6
S_387341N1214620W001	0.9922	0	0.0032	0	0	0.0041	0	0	0.0006	0	1	1	sub7
S_387372N1215030W001	0	0	0	0	0	0.0002	0	0	0.9998	0	9	9	sub7
S_387480N1214946W001	0.0002	0	0	0	0	0.0001	0	0	0.9996	0	9	9	sub7
S_387511N1213389W001	0.0003	0.9841	0.015	0.0002	0	0.0002	0	0	0.0001	0	2	2	sub7
S_387511N1215230W001	0.0007	0.0001	0.0011	0.0004	0.0002	0.0002	0	0.4952	0.5021	0	9	9	sub7
S_387515N1212725W001	0.0983	0.0031	0.0421	0.469	0	0.3869	0	0	0.0005	0	4	4	sub7
S_387515N1212725W002	0.2782	0.0008	0.0071	0.1884	0.0006	0.5244	0	0	0.0006	0.0001	6	6	sub7
S_387515N1212725W003	0.1424	0.0005	0.0058	0.0091	0	0.8399	0	0	0.0022	0	6	6	sub7
S_387552N1215951W001	0.034	0.0002	0.0022	0.942	0	0.0141	0.0001	0.0027	0.0034	0.0013	4	4	sub6
S_387605N1215946W001	0.8508	0.0002	0.0877	0.0575	0.0003	0.0004	0	0.0011	0.0021	0	1	1	sub6
S_387623N1213915W001	0	1	0	0	0	0	0	0	0	0	2	2	sub7
S_387623N1213915W002	0	0.9985	0.0014	0	0	0.0001	0	0	0	0	2	2	sub7
S_387623N1213915W003	0	0.9985	0.0014	0	0	0.0001	0	0	0	0	2	2	sub7
S_387626N1213651W002	0	0.9998	0.0002	0	0	0	0	0	0	0	2	2	sub7
S_387721N1216311W001	0.0011	0.0007	0.0018	0.9938	0.0001	0.0004	0.0009	0.0001	0	0.001	4	4	sub6
S_387755N1212753W001	0.0019	0.0037	0.0014	0.004	0.9518	0.0012	0.0216	0.0028	0.0052	0.0063	5	5	sub7
S_387755N1212753W002	0	0.998	0.0005	0.0006	0	0.0002	0.0002	0.0001	0	0.0003	2	2	sub7
S_387786N1213737W001	0.0001	0.9363	0.0009	0.0003	0.0591	0.0003	0.0017	0.0003	0.0006	0.0005	2	2	sub7
S_387786N1213737W002	0	0.9999	0.0001	0	0	0	0	0	0	0	2	2	sub7
S_387786N1213737W003	0	0.9999	0.0001	0	0	0	0	0	0	0	2	2	sub7
S_387793N1218123W001	0.9988	0	0.0003	0	0	0.0008	0	0	0.0001	0	1	1	sub3
S_387793N1218123W002	0.0571	0	0	0	0	0.006	0	0	0.9368	0	9	9	sub3
S_387793N1218123W003	0.1206	0	0	0	0	0.0025	0	0	0.8768	0	9	9	sub3
S_387793N1218123W004	0.0891	0	0.0001	0	0	0.0029	0	0	0.9078	0	9	9	sub3
S_387849N1217742W001	0.065	0.0046	0.0037	0.0001	0.011	0.0003	0	0	0.9154	0	9	9	sub3
S_387864N1215774W001	0	0.0001	0.0003	0.0002	0	0.0004	0	0.9853	0.0136	0	8	8	sub7
S_387910N1215973W001	0.0001	0	0	0	0	0.0039	0.0001	0.0001	0.9959	0	9	9	sub7
S_387951N1215993W001	0	0	0	0	0	0.0004	0	0	0.9996	0	9	9	sub7
S_387957N1213813W001	0.0001	0.9994	0.0002	0	0.0003	0	0	0	0	0	2	2	sub7
S_387957N1213813W002	0	0.9996	0.0004	0	0	0	0	0	0	0	2	2	sub7
S_387957N1213813W003	0	0.9999	0.0001	0	0	0	0	0	0	0	2	2	sub7
S_387971N1215119W001	0.0001	0.0222	0.0969	0	0	0	0	0.0001	0.8806	0	9	9	sub7
S_387971N1216119W001	0	0	0	0	0	0.0298	0	0	0.9702	0	9	9	sub7
S_387977N1214521W001	0.0233	0.0179	0.839	0.0001	0.0003	0.0004	0	0.001	0.1179	0.0001	3	3	sub7
S_387982N1214704W001	0.0009	0.6592	0.0051	0.0031	0.3045	0.0026	0.0099	0.0027	0.0107	0.0012	2	2	sub7
S_387985N1217275W001	0	0	0	0	0	0	0	0	1	0	9	9	sub4
S_387985N1217275W002	0	0	0	0	0	0	0	0	0	0	6	6	sub4
S_387985N1217275W003	0	0	0	0	0	0	0	0	0	0	6	6	sub4
S_388050N1216298W001	0.0008	0.003	0.0075	0.9822	0.0006	0.0003	0.002	0.003	0.0004	0.0001	4	4	sub7
S_388052N1215938W001	0	0	0	0	0	0.001	0	0	0.999	0	9	9	sub7
S_388066N1216021W001	0.0073	0.0001	0.0019	0.0047	0.0001	0.6496	0.0003	0.0011	0.335	0	6	6	sub7
S_388068N1217384W001	0.1082	0	0.0121	0.0002	0	0.002	0	0.1173	0.76	0.0001	9	9	sub4
S_388068N1217384W003	0	0	0	0	0	0	0	0	1	0	9	9	sub4
S_388069N1214338W001	0.5566	0.0001	0.0005	0	0.001	0.0037	0	0	0.438	0	1	1	sub7
S_388087N1215189W001	0.0001	0	0	0	0	0	0	0	0.9999	0	9	9	sub7
S_388145N1213491W002	0.0002	0.9928	0.0004	0.0001	0.0037	0.0001	0.0005	0.0008	0.0005	0.0007	2	2	sub7
S_388208N1215397W001	0.0078	0.004	0.0437	0.9213	0.0011	0.001	0.0001	0.0066	0.0142	0	4	4	sub7
S_388235N1216079W001	0	0.0001	0.001	0.0001	0	0.0036	0	0.3444	0.6507	0	9	9	sub7
S_388235N1216079W002	0.0001	0.0005	0.0095	0.0001	0	0.0123	0	0.0112	0.9663	0	9	9	sub7
S_388235N1216079W003	0	0.9997	0.0003	0	0	0	0	0	0	0	2	2	sub7
S_388235N1216079W004	0	0.9999	0.0001	0	0	0	0	0	0	0	2	2	sub7
S_388260N1215394W001	0.0009	0.7808	0.2178	0	0	0.0001	0	0	0.0004	0	2	2	sub7
S_388260N1215394W002	0.0003	0	0	0	0	0.0055	0	0	0.9942	0	9	9	sub7
S_388260N1215394W003	0.021	0.0007	0.0138	0.276	0	0.1767	0	0.0003	0.5117	0	9	9	sub7
S_388260N1215394W004	0.0001	0	0.0003	0.998	0	0.0008	0	0	0.0006	0	4	4	sub7
S_388361N1215959W001	0.0005	0	0.0003	0	0	0.0008	0	0.0782	0.9202	0	9	9	sub7
S_388361N1217778W002	0.0039	0.8114	0.0473	0.0131	0.0167	0.0006	0.0973	0.0012	0.0004	0.008	2	2	sub4
S_388362N1218352W001	0.0027	0	0	0	0	0.0003	0	0	0.997	0	9	9	sub4
S_388368N1217584W002	0	0	0	0	0	0.0002	0	0.0001	0.9997	0	9	9	sub4
S_388368N1217584W003	0	0	0	0	0	0.0011	0	0.028	0.9709	0	9	9	sub4
S_388375N1217343W001	0	0	0	0	0	0	0	0	1	0	9	9	sub4
S_388393N1217330W002	0	0	0	0	0	0	0	0	1	0	9	9	sub4
S_388393N1217330W003	0	0	0	0	0	0	0	0	1	0	9	9	sub4
S_388393N1217330W004	0	0	0	0	0	0	0	0.0006	0.9994	0	9	9	sub4
S_388406N1215627W001	0	0	0	0	0	0	0	0	1	0	9	9	sub7
S_388476N1212872W001	0	0.9999	0.0001	0.0001	0	0	0	0	0	0	2	2	sub7
S_388476N1212872W002	0	0.9998	0	0.0001	0	0	0	0	0	0	2	2	sub7
S_388555N1215468W001	0.0055	0.0709	0.0203	0.8543	0.0002	0.0031	0.0002	0.0003	0.0447	0.0005	4	4	sub7
S_388593N1214885W001	0.0007	0.0003	0.0006	0	0	0.0023	0	0	0.9961	0	9	9	sub7
S_388593N1214885W002	0.0005	0.0002	0.0005	0	0	0.0022	0	0	0.9966	0	9	9	sub7
S_388593N1214885W003	0.0006	0.2332	0.0081	0.0001	0.0001	0.0023	0	0.0015	0.7539	0.0002	9	9	sub7
S_388604N1213544W001	0.3812	0.013	0.0153	0.0107	0.0002	0.5212	0.0014	0.0012	0.0476	0.0084	6	6	sub7
S_388604N1213544W002	0.5085	0.0155	0.0071	0.0013	0	0.4083	0.0001	0.0002	0.0581	0.0009	1	1	sub7
S_388604N1213544W003	0.4958	0.0138	0.0074	0.0015	0	0.4283	0.0001	0.0002	0.0518	0.0011	1	1	sub7
S_388604N1213544W004	0.8991	0.0053	0.0183	0.0183	0.0003	0.0505	0.0001	0.0002	0.0029	0.005	1	1	sub7
S_388635N1218245W001	0.0002	0	0.9997	0	0	0.0001	0	0	0	0	3	3	sub4
S_388635N1218245W002	0.2773	0	0.0002	0	0	0.4264	0	0	0.296	0	6	6	sub4
S_388635N1218245W003	0.0011	0.0073	0.987	0.0036	0	0.0009	0	0	0	0	3	3	sub4
S_388666N1217749W001	0.0303	0.0027	0.0178	0.9284	0.0035	0.0122	0.0001	0.0002	0.0048	0	4	4	sub4
S_388691N1217143W001	0	0.0001	0.0001	0.0021	0	0	0.9974	0.0001	0	0.0001	7	7	sub4
S_388761N1217094W001	0	0.0002	0.0001	0.0027	0	0	0.9963	0.0004	0	0.0003	7	7	sub4
S_388761N1217094W002	0	0.0001	0	0.0007	0	0	0.999	0.0001	0	0	7	7	sub4
S_388761N1217094W003	0	0.0046	0.9952	0.0002	0	0	0	0	0	0	3	3	sub4
S_388761N1217094W004	0	0.1609	0.8319	0.0001	0.007	0	0	0	0	0	3	3	sub4
S_388803N1215814W001	0.0414	0.0002	0.0074	0.0072	0.0001	0.9275	0	0	0.0161	0.0001	6	6	sub7
S_388813N1217525W001	0	0	0	1	0	0	0	0	0	0	4	4	sub4
S_388813N1217525W002	0.0032	0.0001	0.0264	0.0013	0	0.0039	0	0.0083	0.9569	0	9	9	sub4
S_388813N1217525W003	0.0029	0.0002	0.8017	0	0	0.0153	0	0	0.18	0	3	3	sub4
S_388813N1218219W001	0.0002	0	0.9998	0	0	0	0	0	0	0	3	3	sub4
S_388813N1218219W002	0.0054	0.0001	0.9524	0.0171	0.0004	0.0002	0	0.021	0.0034	0	3	3	sub4
S_388813N1218219W003	0.7766	0	0.0055	0	0	0.1923	0	0	0.0255	0	1	1	sub4
S_388826N1213078W001	0.0001	0.0022	0.0056	0.9919	0	0.0001	0	0	0	0.0001	4	4	sub7
S_388826N1213078W002	0.0213	0.2131	0.2688	0.0251	0.455	0.0013	0.0132	0.0004	0.0007	0.0012	5	5	sub7
S_388837N1218762W001	0.6106	0.0002	0.3876	0	0	0.0013	0	0	0.0003	0	1	1	sub4
S_388837N1218762W002	0.2267	0	0	0	0	0.0034	0	0	0.7699	0	9	9	sub4
S_388847N1219665W001	0.0002	0	0	0	0.9997	0	0	0	0.0001	0	5	5	sub3
S_388847N1219665W002	0.0553	0	0	0	0	0	0	0	0.9447	0	9	9	sub3
S_388847N1219665W003	0	0	1	0	0	0	0	0	0	0	3	3	sub3
S_388944N1215257W001	0.0003	0.9874	0.0098	0.0022	0	0.0002	0	0	0	0	2	2	sub7
S_388957N1218611W001	0.0047	0.0005	0.7714	0.0002	0	0.0006	0	0.0015	0.2211	0	3	3	sub4
S_388957N1218611W002	0.9903	0	0.0014	0	0	0.0005	0	0	0.0079	0	1	1	sub4
S_388965N1219139W001	0	0.0001	0.9999	0	0	0	0	0	0	0	3	3	sub4
S_388965N1219139W002	0.0007	0	0	0	0	0.0003	0	0	0.9991	0	9	9	sub4
S_388965N1219139W003	0.0123	0	0	0	0	0.0013	0	0	0.9865	0	9	9	sub4
S_388971N1213301W001	0.0623	0.0612	0.0889	0.0001	0.7868	0.0003	0.0001	0	0.0003	0.0001	5	5	sub7
S_388971N1213301W002	0.0001	0.0001	0.0001	0	0.9996	0	0.0001	0	0	0	5	5	sub7
S_389075N1215237W001	0	0.9987	0.0012	0.0001	0	0	0	0	0	0	2	2	sub7
S_389116N1215238W001	0.0003	0.8705	0.0012	0.0001	0	0.0102	0	0.0001	0.1169	0.0007	2	2	sub7
S_389116N1215238W002	0.0001	0.0005	0.0001	0	0	0.002	0	0	0.9974	0	9	9	sub7
S_389116N1215238W003	0.0001	0.9931	0.0007	0.0001	0	0.0004	0	0	0.0056	0.0001	2	2	sub7
S_389117N1215238W001	0.0001	0.0005	0	0	0	0.0012	0	0	0.9981	0	9	9	sub7
S_389128N1214522W001	0.0369	0.0008	0.0003	0	0.0011	0.0002	0	0	0.9606	0	9	9	sub7
S_389130N1215441W001	0.0031	0.279	0.6988	0.0142	0	0	0	0	0.0048	0	3	3	sub7
S_389133N1218431W001	0	0.0003	0.9997	0	0	0	0	0	0	0	3	3	sub4
S_389133N1218431W002	0	0	0.9999	0	0	0	0	0	0	0	3	3	sub4
S_389133N1218431W003	0	0	0	0	0	0	0	0	0.9999	0	9	9	sub4
S_389163N1219875W001	0	0	0	0	1	0	0	0	0	0	5	5	sub3
S_389163N1219875W002	0.0005	0	0	0	0	0	0	0	0.9995	0	9	9	sub3
S_389163N1219875W003	0	0	0	0	0	0	0	0	1	0	9	9	sub3
S_389239N1219963W001	0	0	0	0	1	0	0	0	0	0	5	5	sub3
S_389249N1219140W001	0	0.0004	0.9996	0	0	0	0	0	0	0	3	3	sub4
S_389249N1219140W002	0.0064	0	0	0	0	0.0001	0	0	0.9935	0	9	9	sub4
S_389249N1219140W003	0.0048	0	0	0	0	0.0001	0	0	0.9951	0	9	9	sub4
S_389255N1213566W001	0.9322	0.0005	0.0515	0.0002	0.0102	0.0038	0	0	0.0015	0.0001	1	1	sub7
S_389255N1213566W002	0.9437	0.0032	0.003	0	0.0098	0.0035	0	0	0.0368	0	1	1	sub7
S_389255N1213566W003	0.5348	0.0159	0.0097	0.0001	0.4302	0.0018	0	0	0.0075	0	1	1	sub7
S_389255N1214969W001	0	0.9939	0.0034	0	0	0	0	0	0.0026	0	2	2	sub7
S_389256N1215062W001	0.0002	0.8843	0.0228	0.0001	0.0002	0	0	0.0014	0.0909	0.0001	2	2	sub7
S_389281N1218056W001	0.001	0	0	0	0	0.0003	0	0	0.9987	0	9	9	sub4
S_389304N1218843W001	0.0085	0	0	0	0	0.0001	0	0	0.9914	0	9	9	sub4
S_389304N1218843W002	0	0	1	0	0	0	0	0	0	0	3	3	sub4
S_389304N1218843W003	0.0602	0	0.0001	0	0	0.0004	0	0	0.9394	0	9	9	sub4
S_389322N1215277W001	0.0209	0.8031	0.1338	0.028	0.0001	0.0061	0	0.0007	0.0074	0.0001	2	2	sub7
S_389327N1214594W001	0.0007	0.9872	0.0064	0.0018	0.0033	0	0.0001	0.0001	0.0003	0	2	2	sub7
S_389328N1215489W001	0.0536	0.0013	0.1102	0.0008	0.2799	0.0117	0	0.0009	0.5416	0	9	9	sub7
S_389398N1216162W001	0.0041	0.8186	0.1256	0.0071	0	0.0293	0	0.0076	0.0077	0.0001	2	2	sub5
S_389410N1215884W001	0.0687	0.7101	0.0784	0.0211	0	0.1091	0	0.0011	0.005	0.0063	2	2	sub5
S_389452N1215992W001	0.0157	0.0368	0.4923	0.1588	0	0.1682	0	0.0365	0.0682	0.0235	3	3	sub5
S_389452N1215992W002	0.0129	0.0529	0.6557	0.1041	0	0.118	0	0.0115	0.0357	0.0091	3	3	sub5
S_389452N1215992W003	0	0.8046	0.1953	0	0	0	0	0	0	0	2	2	sub5
S_389452N1215992W004	0	0.9848	0.0152	0	0	0	0	0	0	0	2	2	sub5
S_389453N1216159W001	0.1059	0.0006	0.0562	0.0361	0.0027	0.0289	0.0051	0.7288	0.0318	0.0038	8	8	sub5
S_389454N1215870W001	0.043	0	0.0001	0.0008	0	0.9496	0	0	0.0065	0	6	6	sub5
S_389509N1215863W001	0	0.9999	0	0	0	0	0	0	0	0	2	2	sub5
S_389525N1216161W001	0.0115	0.0166	0.0567	0.0945	0.0061	0.0492	0.097	0.6317	0.0282	0.0086	8	8	sub5
S_389528N1217918W001	0.0001	0	0	0	0	0.0004	0	0.0109	0.9886	0	9	9	sub4
S_389528N1217918W002	0	0	0	0	0	0.0005	0	0.0182	0.9813	0	9	9	sub4
S_389528N1217918W003	0.0001	0	0	0	0	0.0004	0	0.0061	0.9934	0	9	9	sub4
S_389539N1215186W001	0	0	0	0	0	0	0	0	1	0	9	9	sub7
S_389563N1215843W001	0.039	0.0072	0.2331	0.0107	0.0106	0.0005	0	0.693	0.0041	0.0018	8	8	sub5
S_389571N1215858W001	0.0183	0.0003	0.0078	0.0012	0.0009	0.0005	0	0.939	0.0309	0.0011	8	8	sub5
S_389605N1218102W001	0.0001	0	0.0034	0	0	0	0	0.8475	0.149	0	8	8	sub4
S_389605N1218102W002	0.0028	0.0002	0.0063	0.0996	0	0.0439	0.0001	0.7735	0.0639	0.0097	8	8	sub4
S_389605N1218102W003	0.0245	0.0007	0.0058	0.1454	0	0.5041	0.0016	0.0758	0.0764	0.1657	6	6	sub4
S_389606N1218011W001	0.0054	0	0	0	0	0.008	0.0001	0.0003	0.9861	0	9	9	sub4
S_389628N1215557W001	0.6287	0.0057	0.2682	0.0819	0.0001	0.015	0	0	0	0.0003	1	1	sub5
S_389665N1215747W001	0.1323	0.0005	0.7159	0.1421	0.0011	0.0032	0.0004	0.0004	0.0038	0.0002	3	3	sub5
S_389669N1218440W001	0.0136	0.001	0.0329	0.0001	0.0001	0.0021	0	0.0035	0.9466	0.0002	9	9	sub4
S_389669N1218440W002	0.0255	0.0002	0.006	0	0.0005	0.0009	0	0	0.9668	0	9	9	sub4
S_389677N1215974W001	0.0001	0.994	0.0008	0.0013	0.0005	0.0004	0.0013	0.0004	0.0001	0.001	2	2	sub5
S_389680N1215532W001	0.6356	0.0002	0.033	0.0655	0	0.2651	0	0	0.0004	0.0001	1	1	sub5
S_389683N1215213W001	0.0004	0.0197	0.9762	0.0037	0	0	0	0	0	0	3	3	sub7
S_389689N1218653W002	0.709	0	0.2847	0.0001	0	0.002	0	0	0.0042	0	1	1	sub4
S_389692N1215408W001	0.0039	0.0023	0.6655	0.3282	0	0.0001	0	0	0	0	3	3	sub7
S_389694N1219259W001	0.0001	0	0.9998	0	0.0001	0	0	0	0	0	3	3	sub4
S_389694N1219259W002	0.0016	0	0	0	0	0	0	0	0.9984	0	9	9	sub4
S_389694N1219259W003	0.091	0	0	0	0	0.0002	0	0	0.9088	0	9	9	sub4
S_389708N1215574W001	0.5942	0.0359	0.1189	0.173	0.0003	0.0767	0.0003	0	0.0003	0.0003	1	1	sub5
S_389786N1216259W001	0.0079	0.0108	0.9353	0.0115	0.0321	0.0004	0.0001	0.0012	0.0007	0	3	3	sub5
S_389803N1217675W001	0.0001	0	0	0	0	0	0.9996	0	0.0002	0	7	7	sub4
S_389807N1214267W001	0.0006	0.4813	0.5178	0.0004	0	0	0	0	0	0	3	3	sub7
S_389807N1214576W001	0.0001	0.0001	0.0004	0	0	0.0008	0	0	0.9985	0	9	9	sub7
S_389813N1216356W001	0.0578	0.0006	0.9248	0.0088	0.002	0.0005	0	0.0002	0.0055	0	3	3	sub5
S_389834N1214655W001	0.0081	0.8526	0.0273	0.0004	0.0003	0.0028	0	0.0008	0.1074	0.0003	2	2	sub7
S_389857N1214880W001	0	0.9787	0.0143	0.0001	0	0.0065	0	0	0.0003	0	2	2	sub5
S_389857N1214880W002	0.0001	0.0003	0.0001	0	0	0.0459	0	0.0001	0.9536	0	9	9	sub5
S_389857N1214880W003	0	0	0	0	0	0.0026	0	0	0.9973	0	9	9	sub5
S_389857N1214880W004	0.0013	0.0026	0.0173	0.9779	0	0.0007	0	0	0	0	4	4	sub5
S_389860N1215738W001	0.9198	0.0001	0.0629	0.0018	0.0001	0.0083	0	0.0002	0.0064	0.0002	1	1	sub5
S_389868N1215739W001	0.0003	0.0195	0.0021	0.0236	0	0.0577	0	0.8478	0.0486	0.0003	8	8	sub5
S_389885N1218051W001	0.0055	0	0.0221	0.9623	0	0.0026	0	0.0032	0.0042	0	4	4	sub4
S_389918N1215772W001	0.0004	0.7406	0.051	0.1956	0.0004	0.0009	0.0055	0.0048	0.0003	0.0006	2	2	sub5
S_389928N1215479W001	0.0004	0.9666	0.0129	0	0	0.0181	0	0	0.0019	0	2	2	sub5
S_389928N1215479W002	0.0001	0	0.0001	0	0	0.9473	0	0	0.0525	0	6	6	sub5
S_389928N1215479W003	0.0004	0.0001	0.0003	0	0	0.5857	0	0	0.4135	0	6	6	sub5
S_389932N1215735W001	0.0291	0.0022	0.9322	0.0155	0.0148	0.0005	0.0009	0.002	0.0012	0.0015	3	3	sub5
S_389937N1218240W001	0.039	0.0235	0.0308	0.8015	0.0019	0.0052	0.0019	0.0269	0.031	0.0382	4	4	sub4
S_390087N1216722W001	0	0.9058	0.0901	0.004	0	0	0	0.0001	0	0	2	2	sub5
S_390087N1216722W002	0.0002	0.0249	0.9716	0.0028	0	0	0	0.0002	0.0002	0	3	3	sub5
S_390087N1216722W003	0.0005	0.0177	0.9777	0.0033	0	0.0001	0	0.0002	0.0004	0	3	3	sub5
S_390088N1220877W003	0	0	0	0	1	0	0	0	0	0	5	5	sub3
S_390124N1218291W001	0	0.001	0.0799	0	0.9191	0	0	0	0	0	5	5	sub4
S_390124N1218291W002	0	0	1	0	0	0	0	0	0	0	3	3	sub4
S_390124N1218291W003	0	0	0.0012	0.002	0	0.0001	0	0.0017	0.995	0	9	9	sub4
S_390124N1218291W004	0.0005	0.649	0.0939	0.0078	0.0126	0.0012	0.1065	0.1221	0.0032	0.0032	2	2	sub4
S_390174N1214630W001	0	1	0	0	0	0	0	0	0	0	2	2	sub5
S_390174N1214630W002	0	1	0	0	0	0	0	0	0	0	2	2	sub5
S_390174N1214630W003	0.0032	0.0175	0.0009	0	0	0.3632	0	0.0001	0.6147	0.0004	9	9	sub5
S_390201N1214765W001	0.0087	0.4979	0.0126	0.0002	0.0001	0.3558	0	0.0002	0.1239	0.0008	2	2	sub5
S_390216N1215561W001	0.0109	0	0	0	0	0.029	0	0.0001	0.9601	0	9	9	sub5
S_390244N1217813W001	0.0001	0.0018	0.0048	0.7988	0.0001	0.002	0.1795	0.0111	0.0003	0.0016	4	4	sub4
S_390244N1217813W002	0.0002	0.0018	0.0054	0.8197	0.0001	0.0019	0.1602	0.0093	0.0002	0.0014	4	4	sub4
S_390244N1217813W003	0	0.0008	0.9987	0	0	0	0	0.0005	0	0	3	3	sub4
S_390265N1215784W001	0.0128	0.2064	0.1511	0.0523	0	0.229	0	0.0028	0.3452	0.0004	9	9	sub5
S_390291N1219319W001	0.7473	0	0	0	0	0	0	0	0.2526	0	1	1	sub4
S_390433N1218097W001	0.0047	0.0255	0.0389	0.1172	0.1762	0.0018	0.6302	0.0016	0.0019	0.0019	7	7	sub4
S_390458N1216114W001	0.0014	0.0001	0.0009	0.9976	0	0	0	0	0	0	4	4	sub5
S_390458N1216114W002	0.4	0.0027	0.001	0.036	0.0002	0.268	0.0156	0.0021	0.2021	0.0722	1	1	sub5
S_390458N1216114W003	0.0748	0.3989	0.3787	0.0005	0	0.1288	0	0	0.0179	0.0003	2	2	sub5
S_390458N1216114W004	0.0555	0.4325	0.3972	0.0005	0	0.1003	0	0	0.0137	0.0003	2	2	sub5
S_390483N1218664W001	0.0725	0.0039	0.003	0.0062	0.0106	0.0006	0.0014	0.0002	0.9016	0	9	9	sub4
S_390576N1221586W001	0	0	0	0	1	0	0	0	0	0	5	5	sub3
S_390657N1218291W001	0.0465	0.0012	0.0571	0.8491	0.0077	0.0235	0.0113	0.0009	0.0016	0.0012	4	4	sub4
S_390679N1215161W001	0.0003	0.9965	0.0018	0.0001	0.0009	0.0001	0	0	0.0002	0	2	2	sub5
S_390682N1216901W001	0.0038	0.0794	0.0082	0.1267	0.1356	0.0287	0.2342	0.0192	0.0138	0.3503	10	10	sub5
S_390682N1216901W002	0.0043	0.0564	0.0096	0.094	0.0002	0.142	0.0023	0.0016	0.0006	0.6891	10	10	sub5
S_390682N1216901W003	0.0066	0.2009	0.0157	0.0584	0.0001	0.1958	0.0016	0.002	0.001	0.5179	10	10	sub5
S_390696N1217778W001	0.0066	0.0644	0.4319	0.1916	0.0057	0.0151	0.0565	0.2044	0.0109	0.0129	3	3	sub4
S_390696N1217778W002	0.2738	0.0015	0.6454	0.0208	0.0004	0.0264	0	0.0034	0.0274	0.0009	3	3	sub4
S_390696N1217778W003	0.9886	0	0.0055	0	0	0.0018	0	0	0.0041	0	1	1	sub4
S_390696N1217778W004	0.5978	0.0004	0.3746	0.0002	0	0.0132	0	0	0.0138	0	1	1	sub4
S_390752N1213738W001	0.1331	0.0052	0.7382	0.0946	0.0018	0.025	0.0002	0.0004	0.0009	0.0005	3	3	sub5
S_390921N1221422W001	0	0	0	0	1	0	0	0	0	0	5	5	sub3
S_390930N1219767W001	0.0004	0.0003	0.0113	0.007	0.0623	0.0002	0.9165	0.0014	0.0001	0.0007	7	7	sub4
S_391021N1221961W001	0	0	0	0	1	0	0	0	0	0	5	5	sub3
S_391124N1217226W001	0.0003	0.0006	0.0017	0.0251	0	0.0008	0.0003	0.9368	0.0009	0.0335	8	8	sub5
S_391210N1222088W001	0	0	0	0	0.9999	0	0.0001	0	0	0	5	5	sub3
S_391275N1216569W001	0.0173	0.0018	0.9792	0.0016	0	0	0	0	0	0	3	3	sub5
S_391279N1216989W001	0.0078	0.1257	0.5508	0.1954	0.0214	0.0186	0.0265	0.0086	0.0014	0.0438	3	3	sub5
S_391279N1216989W002	0.0007	0.0011	0.9882	0.0073	0.0002	0.0002	0	0.0017	0.0003	0.0002	3	3	sub5
S_391279N1216989W003	0.0011	0.0014	0.9871	0.0068	0.0003	0.0003	0	0.0022	0.0005	0.0002	3	3	sub5
S_391282N1214436W001	0.0454	0.0309	0.0791	0.0023	0.832	0.0013	0.0032	0.0029	0.0025	0.0005	5	5	sub5
S_391330N1222165W001	0	0	0	0	1	0	0	0	0	0	5	5	sub3
S_391330N1222165W002	0.0499	0.0544	0.4568	0.0188	0.2863	0.0037	0.1103	0.006	0.0058	0.0078	3	3	sub3
S_391330N1222165W003	0.0363	0.0836	0.2868	0.024	0.2436	0.0085	0.2777	0.0143	0.0106	0.0145	3	3	sub3
S_391401N1221325W001	0.7831	0	0.0207	0.0004	0	0.1924	0	0	0.0034	0	1	1	sub3
S_391406N1216961W001	0.0176	0.2792	0.0772	0.1439	0.2958	0.0063	0.1284	0.0362	0.0078	0.0076	5	5	sub5
S_391414N1217442W001	0.0011	0.0059	0.0716	0.5143	0.0014	0.0003	0.0026	0.4006	0.0019	0.0002	4	4	sub5
S_391512N1216190W001	0	0.9853	0.0084	0.0061	0.0001	0	0	0	0	0	2	2	sub5
S_391578N1214696W001	0.0027	0	0.0001	0	0	0.0003	0	0.0001	0.9969	0	9	9	sub5
S_391658N1217070W001	0	0	0	0	0	0	0.9999	0	0	0	7	7	sub5
S_391658N1217070W002	0.0001	0.0001	0	0.0001	0	0.0077	0	0	0.0001	0.9919	10	10	sub5
S_391658N1217070W003	0.0001	0.0001	0	0.0001	0	0.006	0	0	0	0.9937	10	10	sub5
S_391675N1222693W001	0	0	0.0001	0	0.9998	0	0	0.0001	0	0	5	5	sub3
S_391710N1217359W001	0.0009	0.0001	0.0001	0.0002	0	0.0027	0.0062	0.0001	0.0003	0.9894	10	10	sub5
S_391746N1221495W001	0.9965	0	0	0	0	0.0019	0	0	0.0015	0	1	1	sub3
S_391759N1215241W001	0	0	0.0001	0.9999	0	0	0	0	0	0	4	4	sub5
S_391759N1215241W002	0	0	0	0	0	0	0	0	0	1	10	10	sub5
S_391759N1215241W003	0	0	0	0	0	0	0	0	0	1	10	10	sub5
S_391759N1215241W004	0	0	0	0	0	0	0	0	0	1	10	10	sub5
S_391826N1219935W001	0.999	0	0.0005	0	0	0.0004	0	0	0	0	1	1	sub4
S_391914N1221719W001	0	0	1	0	0	0	0	0	0	0	3	3	sub3
S_391975N1218937W001	0.0183	0.0003	0.9804	0.0006	0.0001	0.0002	0	0	0	0	3	3	sub5
S_392038N1217147W001	0.4971	0	0.0078	0.0129	0.0001	0.0556	0	0.0002	0.4263	0	1	1	sub5
S_392127N1215185W001	0	0	0	0	0	0	0	0	0	1	10	10	sub5
S_392145N1214873W001	0	0	0	0	0	0	0	0	0	1	10	10	sub5
S_392146N1215404W001	0	0	0	0	0	0	0	0	0	0.9999	10	10	sub5
S_392147N1215434W001	0.0127	0.0341	0.0195	0.0842	0.0555	0.0477	0.3971	0.0721	0.0311	0.246	7	7	sub5
S_392258N1219984W001	0.8622	0	0	0.0003	0	0.1351	0	0	0.0024	0	1	1	sub4
S_392349N1215809W001	0.1045	0.0009	0.6717	0.0495	0	0.1684	0	0.0001	0.0023	0.0025	3	3	sub5
S_392361N1215824W001	0.0032	0	0.0015	0.0044	0	0.9515	0	0.0001	0.039	0.0003	6	6	sub5
S_392364N1215831W001	0.0391	0	0.0015	0.001	0	0.8287	0	0	0.1294	0.0002	6	6	sub5
S_392394N1216509W001	0	0	0	0	0.0001	0.0003	0.9982	0	0.0001	0.0011	7	7	sub5
S_392394N1216509W002	0.0023	0	0	0.0001	0	0.9956	0	0	0.0021	0	6	6	sub5
S_392394N1216509W003	0.0005	0	0	0	0	0.9992	0	0	0.0004	0	6	6	sub5
S_392394N1216509W004	0.0005	0	0	0	0	0.9993	0	0	0.0002	0	6	6	sub5
S_392394N1216509W005	0.0006	0	0	0.0001	0	0.9991	0	0	0.0002	0	6	6	sub5
S_392396N1215815W001	0.0014	0	0.9981	0.0004	0	0.0001	0	0	0	0	3	3	sub5
S_392406N1214951W001	0	0.9818	0.0006	0.0005	0	0.0001	0.0001	0.0004	0	0.0164	2	2	sub5
S_392406N1214951W002	0	0.9031	0.0008	0.001	0	0.0004	0.0001	0.0006	0.0001	0.0939	2	2	sub5
S_392406N1214951W003	0	0.0886	0.0001	0.0001	0	0.0001	0	0.0001	0	0.9109	10	10	sub5
S_392410N1216105W001	0.2929	0	0.0003	0.0008	0	0.0141	0	0.0002	0.6915	0.0001	9	9	sub5
S_392414N1221535W002	0	0	0	0	0.9999	0	0	0	0	0	5	5	sub3
S_392414N1221535W003	0.0036	0	0.996	0	0.0003	0	0	0	0	0	3	3	sub3
S_392414N1221535W004	0.0001	0	0.9999	0	0	0	0	0	0	0	3	3	sub3
S_392424N1215030W001	0	0.007	0	0	0	0	0	0	0	0.9929	10	10	sub5
S_392430N1214980W001	0.0015	0.0328	0.0112	0.0157	0.007	0.005	0.4894	0.0686	0.0022	0.3666	7	7	sub5
S_392434N1215603W001	0.0061	0.0274	0.8476	0.0234	0.0028	0.0056	0.0002	0.0759	0.0093	0.0018	3	3	sub5
S_392436N1214875W001	0.0005	0.0014	0.005	0.0031	0.0001	0.0019	0.0023	0.0651	0.0009	0.9196	10	10	sub5
S_392438N1214923W001	0.0039	0.0442	0.0133	0.0232	0.0098	0.0137	0.4047	0.1372	0.0073	0.3427	7	7	sub5
S_392439N1221540W001	0	0.0011	0.9963	0.0025	0	0	0	0	0	0	3	3	sub3
S_392441N1215758W001	0.0633	0.0003	0.0236	0.0282	0	0.0032	0	0.0071	0.0026	0.8716	10	10	sub5
S_392452N1214999W001	0	0	0	0	0	0	0	0.0002	0	0.9998	10	10	sub5
S_392489N1215689W001	0	0	0.0005	0	0	0	0	0	0	0.9994	10	10	sub5
S_392490N1215601W001	0	0	0	0	0	0	0	0	0	1	10	10	sub5
S_392490N1215658W001	0	0	0	0	0	0	0	0	0	1	10	10	sub5
S_392497N1222327W001	0.0116	0.0002	0.0001	0	0	0.0032	0.527	0.0001	0.4578	0	7	7	sub3
S_392553N1215021W001	0	0	0	0	0	0	0	0	0	1	10	10	sub5
S_392583N1215391W001	0	0	0	0	0	0	0	0	0	1	10	10	sub5
S_392603N1216860W001	0.6094	0	0.0008	0.0001	0	0.0364	0	0.0001	0.3533	0	1	1	sub5
S_392629N1222754W001	0.2029	0.0834	0.0512	0.1181	0.4262	0.029	0.0257	0.0057	0.053	0.0048	5	5	sub3
S_392634N1217141W001	0.0086	0.0166	0.0072	0.0143	0.0121	0.0131	0.8407	0.029	0.0173	0.0411	7	7	sub5
S_392643N1215408W001	0.0102	0.0257	0.0027	0.0004	0.0001	0.008	0.0001	0.0004	0.0061	0.9464	10	10	sub5
S_392646N1215834W001	0.0849	0	0.0006	0	0	0.907	0	0	0.0075	0	6	6	sub5
S_392673N1219785W001	0.0032	0.0001	0	0.0002	0	0.0062	0.9836	0.0003	0.0044	0.0021	7	7	sub4
S_392727N1215762W001	0	0.9999	0.0001	0	0	0	0	0	0	0	2	2	sub5
S_392727N1215762W002	0.003	0.0041	0.0009	0.0001	0	0.1097	0	0	0.0047	0.8775	10	10	sub5
S_392740N1215960W001	0.98	0.0001	0.0008	0.0002	0.0002	0.0023	0	0	0.0163	0	1	1	sub5
S_392753N1221057W001	0.3481	0	0.6517	0	0	0	0	0	0.0002	0	3	3	sub3
S_392753N1221057W002	0.2285	0	0.7637	0.0001	0	0.0001	0	0	0.0076	0	3	3	sub3
S_392753N1221057W003	0.9994	0	0.0004	0	0	0.0002	0	0	0	0	1	1	sub3
S_392790N1216451W001	0.6505	0.0002	0.2613	0.0595	0.0032	0.0217	0	0.0001	0.0033	0.0002	1	1	sub5
S_392804N1215955W001	0.1236	0	0	0.0001	0	0.0968	0.0012	0	0.7783	0	9	9	sub5
S_392867N1217825W001	0.9996	0	0.0001	0	0	0	0	0	0.0002	0	1	1	sub5
S_392870N1222095W001	0	0.0001	0.0001	0.0001	0.0015	0.0001	0.9975	0.0002	0	0.0004	7	7	sub3
S_392929N1216859W001	0.3903	0	0.2138	0.3527	0	0.0428	0	0	0.0004	0	1	1	sub5
S_392947N1218022W001	0.1693	0.0001	0.8305	0	0	0.0001	0	0	0	0	3	3	sub5
S_392954N1221212W001	0.0581	0	0.9419	0	0	0	0	0	0	0	3	3	sub3
S_392970N1216907W001	0.0044	0.0003	0.0003	0.0011	0	0.9914	0.0005	0.0001	0.0014	0.0005	6	6	sub5
S_392970N1216907W002	0.0161	0.0004	0.0006	0.002	0.0001	0.9654	0.0071	0.0003	0.0064	0.0016	6	6	sub5
S_392970N1216907W003	0.0196	0.0062	0.4754	0.4441	0.0104	0.0047	0.0252	0.0121	0.0011	0.0013	3	3	sub5
S_392978N1220313W001	0.0004	0.0001	0.0002	0.9979	0	0.0004	0	0.0002	0.0007	0	4	4	sub4
S_393010N1219528W001	0.0001	0	0.0028	0	0	0.0006	0	0	0.9964	0	9	9	sub4
S_393010N1219528W002	0.0001	0	0.0103	0.0001	0	0.0014	0	0.9234	0.0648	0	8	8	sub4
S_393010N1219528W003	0	0	0.0036	0.0004	0	0.0002	0	0.9918	0.004	0	8	8	sub4
S_393054N1215973W001	0.0001	0.9103	0.0055	0.0827	0	0.0014	0	0	0	0	2	2	sub5
S_393054N1215973W002	0.0044	0	0	0	0	0.0185	0	0	0.977	0	9	9	sub5
S_393054N1215973W003	0.0041	0	0	0	0	0.047	0	0	0.9489	0	9	9	sub5
S_393169N1218004W002	0.0001	0.0113	0.9838	0.0004	0.0001	0	0	0.0041	0.0001	0.0001	3	3	sub5
S_393169N1218004W003	0.0165	0.0008	0.9195	0.038	0.0006	0.001	0.0001	0.001	0.0002	0.0223	3	3	sub5
S_393169N1218004W004	0.014	0.0008	0.9238	0.0393	0.0007	0.0008	0.0001	0.0012	0.0002	0.0191	3	3	sub5
S_393169N1218004W005	0.0471	0	0.0003	0.0002	0	0.0025	0	0.0007	0.9491	0	9	9	sub5
S_393190N1215089W001	0.0374	0.0004	0.0197	0.001	0	0.0329	0	0.0026	0.1765	0.7295	10	10	sub5
S_393257N1218830W001	0.0181	0	0.9773	0.0032	0	0.0006	0	0.0002	0.0006	0	3	3	sub5
S_393257N1218830W002	0.0009	0	0.9981	0.0005	0	0.0001	0	0.0002	0.0001	0	3	3	sub5
S_393257N1218830W003	0.0004	0.0001	0.9989	0.0003	0	0.0001	0	0.0002	0.0001	0	3	3	sub5
S_393269N1217096W001	0.1122	0.0003	0.6968	0.012	0.0003	0.0074	0	0.006	0.1647	0.0004	3	3	sub5
S_393337N1217097W001	0.1099	0.0008	0.225	0.5175	0.0003	0.089	0.0004	0.0057	0.0442	0.0072	4	4	sub5
S_393352N1222124W001	0.0001	0	0	0	0	0	0.9996	0.0001	0	0.0001	7	7	sub3
S_393383N1216575W001	0.0001	0	0.0131	0.9868	0	0	0	0	0	0	4	4	sub5
S_393416N1220838W001	0.0052	0	0.9201	0.0001	0	0.0001	0	0.0002	0.0744	0	3	3	sub3
S_393417N1220838W001	0.0002	0	0.9992	0	0	0	0	0	0.0006	0	3	3	sub3
S_393417N1220838W002	0.0023	0	0.9771	0	0	0	0	0	0.0206	0	3	3	sub3
S_393417N1220838W003	0.0005	0	0.9984	0.0008	0	0.0002	0	0.0001	0	0	3	3	sub3
S_393437N1219519W001	0.0003	0	0.9982	0	0	0	0	0	0.0015	0	3	3	sub4
S_393437N1219519W002	0.0016	0.0003	0.1093	0.0002	0	0.0021	0	0.042	0.8446	0	9	9	sub4
S_393437N1219519W003	0	0.0005	0.0064	0.0004	0	0.0001	0	0.9913	0.001	0.0001	8	8	sub4
S_393437N1219519W004	0	0.0001	0.0005	0.0002	0	0	0.0003	0.9988	0.0001	0	8	8	sub4
S_393457N1218375W001	0.0148	0.0086	0.1676	0.2043	0.0068	0.0043	0.0305	0.5084	0.0044	0.0503	8	8	sub5
S_393476N1221838W001	0	0	0	0	0	0	0.9996	0.0001	0	0.0001	7	7	sub3
S_393619N1219101W001	0.0017	0.2948	0.1922	0.0136	0.1456	0.0032	0.0503	0.294	0.0029	0.0017	2	2	sub4
S_393640N1216328W001	0.0004	0.005	0.001	0.9821	0	0.0066	0.0006	0.0008	0.0005	0.0029	4	4	sub5
S_393672N1219985W001	0.984	0	0.0001	0.0066	0	0.0085	0	0	0.0008	0	1	1	sub4
S_393816N1217040W001	0.1405	0	0.0575	0.799	0.0001	0.0001	0	0.0009	0.0018	0	4	4	sub5
S_393976N1219617W001	0.0015	0.0002	0.0097	0.0011	0.0003	0.0003	0	0.0201	0.9667	0	9	9	sub4
S_394002N1222764W001	0.0002	0.987	0.0028	0.0008	0.0089	0	0.0002	0	0.0001	0	2	2	sub3
S_394141N1217561W001	0	0	0	0.0001	0	0	0.0029	0.9968	0	0.0002	8	8	sub5
S_394208N1221341W001	0	0	0	0	1	0	0	0	0	0	5	5	sub3
S_394208N1221341W002	0	0.0017	0.9958	0	0.0015	0	0	0.0008	0.0001	0	3	3	sub3
S_394208N1221341W003	0.0001	0.0001	0.9961	0	0	0	0	0.0026	0.0011	0	3	3	sub3
S_394208N1221341W004	0.0261	0	0.9716	0.0018	0.0003	0.0001	0	0	0	0.0001	3	3	sub3
S_394283N1215586W001	0.1402	0.0093	0.7093	0.032	0.0027	0.008	0.0012	0.0285	0.0635	0.0053	3	3	sub5
S_394294N1221846W001	0.9943	0	0	0	0	0.0018	0	0	0.0038	0	1	1	sub3
S_394347N1222744W001	0.0004	0.0016	0.0047	0.0003	0.9927	0	0.0001	0.0002	0.0001	0	5	5	sub3
S_394363N1222487W001	0.0169	0.0031	0.8276	0.0092	0.1258	0.0002	0.0001	0.0125	0.0045	0.0001	3	3	sub3
S_394419N1219433W001	0.0108	0	0.1459	0	0	0.0001	0	0.0001	0.8432	0	9	9	sub4
S_394419N1219433W002	0.9953	0	0	0	0	0	0	0	0.0046	0	1	1	sub4
S_394419N1219433W003	1	0	0	0	0	0	0	0	0	0	1	1	sub4
S_394564N1220246W001	0	0	0	0.0003	0	0	0.9997	0	0	0	7	7	sub3
S_394575N1220728W001	0	0	0	0	0	0	0	0.9998	0.0001	0	8	8	sub3
S_394634N1218278W001	0	0	0	0	0	0	0	0.9999	0	0	8	8	sub5
S_394634N1218278W002	0	0	0	0	0	0	0	1	0	0	8	8	sub5
S_394635N1218276W001	0	0	0	0	0	0	0	1	0	0	8	8	sub5
S_394644N1219514W001	1	0	0	0	0	0	0	0	0	0	1	1	sub4
S_394661N1221076W001	0.0005	0.0002	0.0051	0.0311	0.0004	0.001	0.001	0.9576	0.0027	0.0004	8	8	sub3
S_394927N1219648W001	0.0008	0.0001	0.866	0	0	0	0	0.0021	0.131	0	3	3	sub4
S_394927N1219648W002	0.0685	0	0	0	0	0	0	0	0.9314	0	9	9	sub4
S_394927N1219648W003	0.9984	0	0	0	0	0	0	0	0.0016	0	1	1	sub4
S_394927N1219648W004	1	0	0	0	0	0	0	0	0	0	1	1	sub4
S_394944N1216932W001	0.0003	0.0001	0.0005	0.0004	0	0.0004	0	0.9606	0.0371	0.0006	8	8	sub5
S_394944N1216932W002	0.0003	0.0001	0.0005	0.0003	0	0.0003	0	0.9466	0.0515	0.0004	8	8	sub5
S_394998N1220274W001	0.006	0	0.0006	0.9488	0	0.0337	0	0	0.0109	0	4	4	sub3
S_395050N1217665W001	0.0001	0.0002	0.0006	0.0008	0.0002	0.0001	0.0359	0.9616	0.0001	0.0005	8	8	sub5
S_395118N1217880W001	0	0	0	0	0	0	0	0.9999	0.0001	0	8	8	sub5
S_395118N1217880W002	0	0	0	0	0	0	0	1	0	0	8	8	sub5
S_395118N1217880W003	0	0	0	0	0	0	0	0.9999	0.0001	0	8	8	sub5
S_395157N1221122W001	0.1092	0	0.7783	0	0.1125	0	0	0	0	0	3	3	sub3
S_395157N1221122W002	0	0	0	0	0	0	0	1	0	0	8	8	sub3
S_395157N1221122W003	0	0.0001	0.0001	0.0002	0.0001	0	0.012	0.9873	0	0.0002	8	8	sub3
S_395240N1216653W001	0.4284	0.0008	0.0274	0.0064	0.0006	0.0232	0.0001	0.0006	0.4975	0.0151	9	9	sub5
S_395386N1222523W001	0.0019	0.0001	0.005	0	0.2744	0	0	0.0004	0.7182	0	9	9	sub3
S_395436N1220644W001	0.0146	0.0002	0.0282	0.944	0	0.0012	0.0001	0.0091	0.0026	0.0001	4	4	sub3
S_395539N1217622W001	0.378	0.0017	0.0546	0.2815	0.0041	0.0244	0.0076	0.0262	0.1898	0.0319	1	1	sub5
S_395595N1220326W002	0.6751	0.0001	0.1819	0.09	0.0022	0.0014	0	0.001	0.0481	0.0001	1	1	sub3
S_395595N1220326W003	0.0213	0.001	0.1105	0.7111	0.0009	0.011	0.0002	0.0927	0.0505	0.0007	4	4	sub3
S_395595N1220326W004	0	0	0	0	0	0	0.9996	0.0004	0	0	7	7	sub3
S_395632N1221069W001	0.0007	0	0	0	0	0.0001	0.9973	0	0.0019	0	7	7	sub3
S_395771N1219082W001	0.0043	0.0024	0.9248	0.0003	0	0	0	0.0001	0.0681	0	3	3	sub5
S_395771N1219083W001	0.0003	0	0.9992	0	0	0	0	0	0.0005	0	3	3	sub5
S_395771N1219083W002	0.0046	0.0056	0.0568	0.9099	0.0004	0.0043	0.0157	0.0012	0.0002	0.0014	4	4	sub5
S_395772N1221610W001	0.9542	0	0.0291	0.0002	0.0081	0.0019	0	0	0.0066	0	1	1	sub3
S_395812N1217026W001	0.9847	0.0001	0.0046	0	0.0019	0	0	0	0.0087	0	1	1	sub5
S_395812N1217026W002	0.9813	0.0001	0.0037	0	0.0022	0	0	0	0.0126	0	1	1	sub5
S_395812N1217026W003	0.9868	0	0.0041	0	0.0015	0	0	0	0.0077	0	1	1	sub5
S_395848N1222254W001	0.3494	0	0.071	0.0001	0.5775	0.0002	0	0	0.0018	0	5	5	sub3
S_395855N1221170W001	0	0	0	0	1	0	0	0	0	0	5	5	sub3
S_395855N1221170W002	0	0	0.0002	0	0.9998	0	0	0	0	0	5	5	sub3
S_395855N1221170W003	0.0097	0	0.9372	0	0.0531	0	0	0	0	0	3	3	sub3
S_395855N1221170W004	0.0002	0.0023	0.0295	0.013	0.9221	0.0001	0.0292	0.0035	0.0001	0	5	5	sub3
S_395891N1217303W001	0.9948	0	0.0027	0	0	0	0	0	0.0025	0	1	1	sub5
S_395913N1220367W001	0	0	0	0	0	0	1	0	0	0	7	7	sub3
S_396049N1222495W001	0.0001	0	0.0011	0	0.9988	0	0	0	0	0	5	5	sub3
S_396049N1222495W002	0.8334	0	0.0077	0	0.0002	0.0001	0	0	0.1586	0	1	1	sub3
S_396049N1222495W003	0.6337	0	0.0041	0	0	0.0002	0	0	0.3619	0	1	1	sub3
S_396049N1222495W004	0	0	0	0	1	0	0	0	0	0	5	5	sub3
S_396060N1222621W001	0	0	0	0	1	0	0	0	0	0	5	5	sub3
S_396084N1220135W001	0	0	0	0	0	0	1	0	0	0	7	7	sub3
S_396087N1220456W001	0	0	0	0	0	0	1	0	0	0	7	7	sub3
S_396087N1220456W002	0	0.0003	0.0016	0.9814	0	0	0.0001	0.0164	0	0	4	4	sub3
S_396087N1220456W003	0.9613	0	0.0018	0.0241	0	0.0001	0	0	0.0125	0	1	1	sub3
S_396127N1217883W001	0.9756	0	0.0191	0.0001	0	0	0	0	0.0051	0	1	1	sub5
S_396159N1220471W001	0.0001	0	0	0	0	0.0002	0.9991	0	0.0005	0	7	7	sub3
S_396244N1221872W001	0	0	0	0	1	0	0	0	0	0	5	5	sub3
S_396244N1221872W002	0.9687	0	0.0019	0	0.0242	0	0	0	0.0052	0	1	1	sub3
S_396244N1221872W003	0.0066	0	0.0202	0	0.9732	0	0	0	0	0	5	5	sub3
S_396299N1221007W001	0	0.0258	0.9692	0	0.0045	0	0	0.0004	0	0	3	3	sub3
S_396299N1221007W002	0	0.0001	0.9911	0	0.0088	0	0	0	0	0	3	3	sub3
S_396299N1221007W003	0.0116	0.0003	0.9836	0.0001	0.003	0	0	0	0.0014	0	3	3	sub3
S_396332N1222356W001	0	0	0	0	1	0	0	0	0	0	5	5	sub3
S_396352N1220330W001	0.9278	0	0.0003	0.0024	0	0.0063	0	0	0.0632	0	1	1	sub3
S_396355N1220331W001	0.0351	0.0024	0.043	0.8859	0.0009	0.0004	0	0.001	0.0313	0.0001	4	4	sub3
S_396468N1217263W001	0.9999	0	0	0	0	0	0	0	0.0001	0	1	1	sub5
S_396468N1217263W002	0.9994	0	0.0002	0	0.0001	0.0001	0	0	0.0003	0	1	1	sub5
S_396468N1217263W003	0.9986	0	0.0002	0	0	0.0001	0	0	0.001	0	1	1	sub5
S_396468N1217263W004	0.0003	0.0255	0.0133	0	0.9608	0	0	0	0.0001	0	5	5	sub5
S_396511N1218607W001	0.4652	0.0003	0.5343	0.0001	0	0	0	0	0.0001	0	3	3	sub5
S_396583N1219394W001	0.0881	0	0.0834	0.827	0	0.0014	0	0	0.0001	0	4	4	sub4
S_396655N1219250W001	1	0	0	0	0	0	0	0	0	0	1	1	sub4
S_396672N1221774W001	0.0215	0.1612	0.0213	0.5503	0.0007	0.1897	0.0098	0.0044	0.0042	0.037	4	4	sub3
S_396672N1221774W002	0.0006	0.0031	0.0212	0	0.0057	0	0	0.0024	0.9669	0	9	9	sub3
S_396672N1221774W003	0.0004	0.1076	0.2424	0.0001	0.6492	0	0	0.0002	0.0003	0	5	5	sub3
S_396730N1219206W001	0.9997	0	0	0	0	0.0002	0	0	0	0	1	1	sub4
S_396730N1219206W002	0.9993	0	0	0	0	0.0007	0	0	0	0	1	1	sub4
S_396730N1219206W003	0.5218	0	0.0027	0.0002	0	0.4748	0	0	0.0004	0	1	1	sub4
S_396735N1218144W001	0.8458	0	0.0001	0	0	0.15	0	0	0.004	0.0001	1	1	sub5
S_396735N1218144W002	0.7906	0	0.0003	0	0	0.1904	0	0	0.018	0.0008	1	1	sub5
S_396735N1218144W003	0.8676	0	0.0001	0	0	0.1284	0	0	0.0036	0.0003	1	1	sub5
S_396820N1217970W001	0.9999	0	0	0	0	0	0	0	0	0	1	1	sub5
S_396820N1217970W002	0.9999	0	0	0	0	0	0	0	0.0001	0	1	1	sub5
S_396820N1217970W003	0.0002	0.0953	0.0062	0.8899	0	0.0047	0.0002	0.0011	0.0002	0.0023	4	4	sub5
S_396892N1218121W001	0.4838	0.0135	0.3652	0.0066	0.0171	0.0344	0	0.0003	0.0789	0.0001	1	1	sub5
S_396943N1219410W001	0.9885	0	0.0108	0.0001	0	0.0006	0	0	0	0	1	1	sub4
S_396943N1219410W002	0.0007	0	0.0004	0.9989	0	0.0001	0	0	0	0	4	4	sub4
S_396943N1219410W003	0.0002	0	0.0003	0.9993	0	0	0	0.0001	0	0	4	4	sub4
S_396971N1219893W001	0.0004	0	0.0003	0.9994	0	0	0	0	0	0	4	4	sub4
S_396971N1222533W001	0	0	0	0	1	0	0	0	0	0	5	5	sub3
S_396971N1222535W001	0.0002	0	0.0014	0	0.9979	0	0	0	0.0004	0	5	5	sub3
S_396971N1222535W002	0.9518	0	0.0481	0	0.0001	0	0	0	0	0	1	1	sub3
S_397008N1221208W001	0.0001	0	0.9997	0	0	0	0	0	0.0001	0	3	3	sub2
S_397008N1221208W002	0.0156	0.0001	0.697	0	0.0003	0	0	0	0.287	0	3	3	sub2
S_397008N1221208W003	0.0001	0.0001	0.9888	0	0.011	0	0	0	0	0	3	3	sub2
S_397033N1220910W001	0.0002	0.0277	0.9346	0.0026	0.0001	0.0001	0	0.0322	0.0012	0.0012	3	3	sub2
S_397033N1220910W002	0	0	1	0	0	0	0	0	0	0	3	3	sub2
S_397033N1220910W003	0.9988	0	0	0	0	0	0	0	0.0012	0	1	1	sub2
S_397033N1220910W004	0.0001	0.0001	0.9994	0	0.0004	0	0	0	0	0	3	3	sub2
S_397043N1220386W001	0.0028	0	0.9972	0	0	0	0	0	0	0	3	3	sub2
S_397043N1220386W002	0.0001	0	0.9999	0	0	0	0	0	0	0	3	3	sub2
S_397043N1220387W001	0.9999	0	0.0001	0	0	0.0001	0	0	0	0	1	1	sub2
S_397043N1220387W002	1	0	0	0	0	0	0	0	0	0	1	1	sub2
S_397090N1220542W001	0.1178	0	0.8821	0.0001	0	0	0	0	0	0	3	3	sub2
S_397253N1221812W001	0.003	0.0064	0.9708	0.0013	0.016	0.0001	0	0.0001	0.0024	0	3	3	sub2
S_397263N1220105W001	0.0241	0.0443	0.7966	0.0425	0.0002	0.0101	0.0004	0.0172	0.01	0.0545	3	3	sub2
S_397263N1220105W002	0.7659	0.0007	0.1297	0.0126	0	0.0653	0	0	0.0154	0.0104	1	1	sub2
S_397263N1220105W003	1	0	0	0	0	0	0	0	0	0	1	1	sub2
S_397263N1220105W004	0.041	0.0028	0.4262	0.528	0.0005	0.0001	0	0.0001	0.0014	0	4	4	sub2
S_397270N1218841W001	0.0264	0.0002	0.9553	0.017	0.0002	0.0007	0	0	0.0002	0	3	3	sub2
S_397279N1222071W001	0	0	0	0	1	0	0	0	0	0	5	5	sub2
S_397279N1222071W002	0.4388	0.0008	0.0044	0.0082	0.2566	0.0024	0.0141	0.0018	0.272	0.0008	1	1	sub2
S_397279N1222071W003	0.0051	0.0079	0.0048	0.0238	0.0062	0.0112	0.8833	0.024	0.0067	0.027	7	7	sub2
S_397317N1218649W001	0.9592	0.0001	0.0402	0.0005	0	0	0	0	0	0	1	1	sub2
S_397317N1218649W002	0.275	0.0009	0.7231	0.0009	0	0	0	0	0	0	3	3	sub2
S_397317N1218649W003	0.0324	0.0004	0.9653	0.0018	0	0.0001	0	0	0	0	3	3	sub2
S_397325N1221233W001	0	0.0002	0.0072	0	0	0	0	0.0358	0.9568	0	9	9	sub2
S_397325N1221233W002	0.1511	0	0	0	0	0	0	0	0.8489	0	9	9	sub2
S_397325N1221233W003	0.0009	0.0038	0.9742	0.0026	0.0184	0	0	0	0	0	3	3	sub2
S_397445N1218905W001	0.0095	0.002	0.9679	0.0203	0.0004	0	0	0	0	0	3	3	sub2
S_397473N1221559W001	0.0001	0.0022	0.8172	0.0001	0.1804	0	0	0	0	0	3	3	sub2
S_397473N1221559W002	1	0	0	0	0	0	0	0	0	0	1	1	sub2
S_397473N1221559W003	0.0021	0.0008	0.1848	0.8085	0.0031	0.0002	0	0.0001	0.0002	0	4	4	sub2
S_397634N1220771W001	0.0033	0.0121	0.8072	0.007	0.0001	0.0002	0	0.0009	0.0008	0.1682	3	3	sub2
S_397634N1220771W002	0.9998	0	0	0	0	0.0001	0	0	0.0002	0	1	1	sub2
S_397634N1220771W003	0.776	0	0.0001	0.0001	0	0.0852	0	0	0.1386	0	1	1	sub2
S_397634N1220771W004	0.0002	0.0001	0.9996	0.0001	0	0	0	0	0	0	3	3	sub2
S_397682N1221364W001	0	0.0084	0.9362	0.0003	0.0012	0	0	0.0503	0.0035	0	3	3	sub2
S_397682N1221364W002	1	0	0	0	0	0	0	0	0	0	1	1	sub2
S_397682N1221364W003	1	0	0	0	0	0	0	0	0	0	1	1	sub2
S_397682N1221364W004	0.0001	0.0011	0.0056	0.6631	0.0003	0.0004	0.3278	0.0013	0.0001	0.0002	4	4	sub2
S_397752N1220970W001	0.0778	0	0.9004	0.0218	0	0	0	0	0	0	3	3	sub2
S_397836N1220461W001	0.0011	0.0004	0.9935	0.0048	0	0	0	0	0.0001	0	3	3	sub2
S_397836N1220461W002	1	0	0	0	0	0	0	0	0	0	1	1	sub2
S_397836N1220461W003	0.9997	0	0	0	0	0	0	0	0.0003	0	1	1	sub2
S_397836N1220461W004	0.0358	0	0.0003	0.9634	0	0.0002	0	0	0.0002	0	4	4	sub2
S_397866N1221455W001	1	0	0	0	0	0	0	0	0	0	1	1	sub2
S_397866N1221455W002	1	0	0	0	0	0	0	0	0	0	1	1	sub2
S_397866N1221455W003	1	0	0	0	0	0	0	0	0	0	1	1	sub2
S_398028N1220294W001	0.1292	0.0031	0.7868	0.0047	0.0002	0.0021	0	0.0001	0.0011	0.0728	3	3	sub2
S_398028N1220294W002	1	0	0	0	0	0	0	0	0	0	1	1	sub2
S_398028N1220294W003	0.999	0	0	0	0	0.0004	0	0	0.0005	0	1	1	sub2
S_398028N1220294W004	0.0813	0.0004	0.1286	0.7499	0	0.0277	0	0.0049	0.0068	0.0002	4	4	sub2
S_398117N1221020W001	1	0	0	0	0	0	0	0	0	0	1	1	sub2
S_398117N1221020W002	0	0.031	0.9683	0.0005	0	0	0	0	0	0.0002	3	3	sub2
S_398117N1221020W003	0	0.0005	0.9994	0.0001	0	0	0	0	0	0	3	3	sub2
S_398117N1221020W004	0.9999	0	0	0	0	0	0	0	0	0	1	1	sub2
S_398180N1219669W001	0.9999	0	0	0	0	0	0	0	0	0	1	1	sub2
S_398188N1219912W001	0.2573	0	0.7421	0.0001	0	0.0003	0	0	0.0001	0	3	3	sub2
S_398188N1219912W002	0.9985	0	0.0013	0	0	0.0002	0	0	0	0	1	1	sub2
S_398188N1219912W003	0.9993	0	0.0004	0.0002	0	0.0001	0	0	0	0	1	1	sub2
S_398188N1219912W004	0.5621	0	0.2058	0.2306	0	0.0013	0	0	0.0002	0	1	1	sub2
S_398193N1221590W001	0.9994	0	0.0006	0	0	0	0	0	0	0	1	1	sub2
S_398193N1221590W002	0.0017	0.0454	0.9357	0.0023	0.0135	0.0006	0	0.0001	0.0001	0.0007	3	3	sub2
S_398193N1221590W003	1	0	0	0	0	0	0	0	0	0	1	1	sub2
S_398193N1221590W004	1	0	0	0	0	0	0	0	0	0	1	1	sub2
S_398260N1221876W001	0.2397	0.0003	0.5835	0.001	0.0025	0.1673	0	0.0001	0.0037	0.0019	3	3	sub2
S_398493N1222016W001	0	0	0	0	1	0	0	0	0	0	5	5	sub2
S_398543N1221535W001	0.0001	0.0002	0.0308	0.0001	0.969	0	0	0	0	0	5	5	sub2
S_398543N1221535W002	0.0009	0.0009	0.4061	0.001	0.5911	0	0	0	0	0	5	5	sub2
S_398543N1221535W003	0.992	0	0.0078	0	0.0002	0	0	0	0	0	1	1	sub2
S_398543N1221535W004	0.1023	0	0.8604	0.0001	0.0372	0	0	0	0	0	3	3	sub2
S_398543N1221535W005	0.4671	0.0001	0.3604	0.1582	0.0014	0.0117	0	0.0002	0.0003	0.0006	1	1	sub2
S_398623N1221536W001	0	0	0	0	1	0	0	0	0	0	5	5	sub2
S_398651N1219930W001	0.9417	0	0.0563	0.0008	0	0.0008	0	0	0.0004	0	1	1	sub2
S_398782N1219570W001	0.9971	0	0.0007	0	0	0.002	0	0	0.0001	0	1	1	sub2
S_398782N1219570W002	0.9942	0	0.0015	0	0	0.0043	0	0	0.0001	0	1	1	sub2
S_398782N1219570W003	0.0006	0.0096	0.9879	0.0001	0.0017	0.0001	0	0	0	0	3	3	sub2
S_398996N1221227W001	1	0	0	0	0	0	0	0	0	0	1	1	sub2
S_398996N1221227W002	1	0	0	0	0	0	0	0	0	0	1	1	sub2
S_399030N1222246W001	0.9642	0	0.0311	0	0.0047	0	0	0	0	0	1	1	sub2
S_399030N1222246W002	0.1205	0	0.0412	0	0.8382	0	0	0	0.0001	0	5	5	sub2
S_399030N1222246W003	0.0003	0	0.0011	0	0.9986	0	0	0	0	0	5	5	sub2
S_399078N1220721W001	0.0018	0	0.9982	0	0	0	0	0	0	0	3	3	sub2
S_399078N1220721W002	0.9866	0	0	0	0	0.0002	0	0	0.0133	0	1	1	sub2
S_399078N1220721W003	0.0494	0	0.0014	0.7775	0	0.0092	0	0.0008	0.1616	0.0001	4	4	sub2
S_399078N1220721W004	0	0	0	1	0	0	0	0	0	0	4	4	sub2
S_399251N1220436W001	0.8642	0.0025	0.1129	0.0057	0.0108	0.0029	0	0	0.0009	0	1	1	sub2
S_399252N1220436W001	0.0041	0.0022	0.0646	0.0002	0.9285	0	0	0.0002	0.0002	0	5	5	sub2
S_399252N1220436W002	0.0235	0.0002	0.001	0.0006	0	0.0004	0	0	0.9743	0	9	9	sub2
S_399346N1222349W001	0	0	0	0	1	0	0	0	0	0	5	5	sub2
S_399456N1220399W001	0.0766	0	0.0035	0.0001	0.0203	0	0	0	0.8995	0	9	9	sub2
S_399456N1220399W002	0.1737	0	0.0296	0.0058	0.0053	0.0001	0	0.0002	0.7852	0	9	9	sub2
S_399567N1220031W001	0.0832	0	0.0017	0.0001	0.9092	0	0	0	0.0058	0	5	5	sub2
S_399567N1220031W002	0.0001	0	0	0	0.9997	0	0	0	0.0002	0	5	5	sub2
S_399568N1220016W001	0.0025	0.0945	0.0376	0.0559	0.0245	0.0228	0.0355	0.5267	0.1723	0.0277	8	8	sub2
S_399633N1219955W001	0	0	0	0	1	0	0	0	0	0	5	5	sub2
S_399633N1219955W002	0.0004	0.0001	0.001	0.0002	0.0136	0.0001	0	0.8628	0.1216	0.0001	8	8	sub2
S_399666N1221647W001	0.0025	0	0.9971	0	0.0004	0	0	0	0	0	3	3	sub2
S_399733N1220069W001	0	0	0	0	1	0	0	0	0	0	5	5	sub2
S_399733N1220069W002	0	0	0	0	1	0	0	0	0	0	5	5	sub2
S_399733N1220069W003	0	0	0	0	1	0	0	0	0	0	5	5	sub2
S_399740N1219748W001	0	0	0	0	1	0	0	0	0	0	5	5	sub2
S_399740N1219748W002	0	0	0	0	1	0	0	0	0	0	5	5	sub2
S_400329N1221904W001	1	0	0	0	0	0	0	0	0	0	1	1	sub2
S_400329N1221904W003	1	0	0	0	0	0	0	0	0	0	1	1	sub2
S_400329N1221904W004	0.9777	0	0.0196	0.0003	0	0.0025	0	0	0	0	1	1	sub2
S_400329N1221904W005	0.9684	0	0.0315	0	0	0	0	0	0	0	1	1	sub2
S_400379N1221700W001	1	0	0	0	0	0	0	0	0	0	1	1	sub2
S_400428N1221665W001	1	0	0	0	0	0	0	0	0	0	1	1	sub2
S_400428N1221665W002	0.9886	0	0.0003	0	0	0.0111	0	0	0	0	1	1	sub2
S_400428N1221665W003	0.9808	0	0.0108	0.0004	0.0007	0.0068	0	0	0	0.0005	1	1	sub2
S_400725N1221124W002	0.4503	0	0.5497	0	0	0	0	0	0	0	3	3	sub2
S_401076N1220630W001	0	0.0005	0.0151	0	0.984	0	0	0.0003	0.0001	0	5	5	sub2
S_401087N1221229W001	0	0	0.0001	0.9999	0	0	0	0	0	0	4	4	sub2
S_401140N1222322W001	0.5905	0	0.0022	0	0.407	0	0	0	0.0002	0	1	1	sub2
S_401520N1222924W001	0.9986	0	0	0	0	0.0014	0	0	0	0	1	1	sub2
S_401829N1221752W001	0.8277	0	0.0651	0.0104	0	0.0961	0	0	0.0007	0	1	1	sub2
S_403305N1222805W001	0.0002	0.9518	0.0012	0.0064	0.0006	0.0023	0.0222	0.0086	0.0009	0.0058	2	2	sub1
S_403453N1223316W001	0.0027	0.0025	0.0186	0.9737	0	0.0025	0	0	0	0	4	4	sub1
S_403585N1223338W001	0.0046	0.0012	0.0252	0.5779	0	0.3658	0	0.0002	0.0004	0.0246	4	4	sub1
S_403585N1223338W002	0.852	0.0006	0.1281	0.0027	0	0.0155	0	0	0.0011	0	1	1	sub1
S_403585N1223338W003	0.0952	0	0.9046	0.0001	0	0.0001	0	0	0	0	3	3	sub1
S_403585N1223338W004	0.0287	0	0.146	0.8243	0	0.001	0	0	0	0	4	4	sub1
S_403664N1223984W001	0	0.0008	0.9575	0.0415	0	0	0	0	0	0.0001	3	3	sub1
S_403908N1222878W001	0.001	0	0.0005	0	0	0.9951	0	0	0.0033	0	6	6	sub1
S_403929N1222944W001	0.0059	0.0013	0.6009	0.1321	0	0.2588	0	0.0001	0.0007	0.0002	3	3	sub1
S_403929N1222945W001	0.0045	0.0012	0.7667	0.1119	0	0.1151	0	0.0001	0.0005	0.0001	3	3	sub1
S_403929N1222945W002	0	0.0005	0.9987	0.0007	0	0	0	0	0	0	3	3	sub1
S_403929N1222945W003	0.0145	0.0002	0.2913	0.0153	0	0.6756	0	0	0.0031	0	6	6	sub1
S_403929N1222945W004	0.0006	0.0018	0.0004	0.0062	0.0005	0.0012	0.9861	0.0013	0.0003	0.0015	7	7	sub1
S_404310N1222731W001	0.0004	0.0001	0.0007	0.0006	0	0.9855	0	0.0001	0.0125	0	6	6	sub1
S_404377N1222883W001	0.0001	0.1631	0.6862	0.147	0	0.0007	0.0003	0.0006	0.0001	0.0019	3	3	sub1
S_404377N1222883W002	0.0022	0.0045	0.0108	0.0427	0	0.9283	0.0002	0.0008	0.0102	0.0003	6	6	sub1
S_404411N1223015W001	0.0093	0.0006	0.0915	0.0123	0	0.8682	0	0.0002	0.0177	0.0002	6	6	sub1
S_404412N1223015W001	0.0023	0.0107	0.93	0.0336	0	0.0226	0	0.0001	0.0004	0.0003	3	3	sub1
S_404412N1223018W001	0.0065	0.0003	0.0379	0.0058	0	0.922	0	0.0002	0.0271	0.0001	6	6	sub1
S_404780N1223966W001	0.0597	0.0093	0.1987	0.1023	0.5834	0.0154	0.0153	0.0049	0.0061	0.0049	5	5	sub1
S_405069N1223056W001	0.6962	0.0003	0.0129	0.2895	0	0.0004	0	0	0.0006	0	1	1	sub1
S_405345N1221547W001	0.0045	0.017	0.0793	0.7817	0.0006	0.0627	0.0065	0.0405	0.0043	0.0029	4	4	sub1
S_405892N1223206W001	0.0014	0	0.0003	0	0.9983	0	0	0	0	0	5	5	sub1
