name	clus_1	clus_2	clus_3	memb	cluster	subregion
S_397008N1221208W001	0.7672161199	0.0119015194	0.2208823607	1	1	sub1sub2
S_397008N1221208W002	0.0807048629	0.9188498781	0.0004452590	2	2	sub1sub2
S_397008N1221208W003	0.0000566769	0.9999310573	0.0000122658	2	2	sub1sub2
S_397033N1220910W001	0.0000201350	0.0000490133	0.9999308517	3	3	sub1sub2
S_397033N1220910W002	0.8807802278	0.0008870752	0.1183326970	1	1	sub1sub2
S_397033N1220910W003	0.9999700425	0.0000297604	0.0000001971	1	1	sub1sub2
S_397033N1220910W004	0.0004874474	0.9995065377	0.0000060149	2	2	sub1sub2
S_397043N1220386W001	0.9588003318	0.0371159366	0.0040837317	1	1	sub1sub2
S_397043N1220386W002	0.5220139358	0.3101944327	0.1677916315	1	1	sub1sub2
S_397043N1220387W001	0.9999999206	0.0000000019	0.0000000775	1	1	sub1sub2
S_397043N1220387W002	0.9999999534	0.0000000356	0.0000000109	1	1	sub1sub2
S_397090N1220542W001	0.9974535737	0.0001361885	0.0024102377	1	1	sub1sub2
S_397253N1221812W001	0.0026678253	0.9883169700	0.0090152047	2	2	sub1sub2
S_397263N1220105W001	0.0004097396	0.0000209648	0.9995692956	3	3	sub1sub2
S_397263N1220105W002	0.6746211547	0.0000276493	0.3253511959	1	1	sub1sub2
S_397263N1220105W003	0.9999994308	0.0000004345	0.0000001347	1	1	sub1sub2
S_397270N1218841W001	0.1990746844	0.0392789407	0.7616463749	3	3	sub1sub2
S_397279N1222071W001	0.0000000035	0.9999999965	0.0000000000	2	2	sub1sub2
S_397279N1222071W002	0.1280636733	0.8714763834	0.0004599433	2	2	sub1sub2
S_397279N1222071W003	0.1794566382	0.1879249366	0.6326184252	3	3	sub1sub2
S_397317N1218649W001	0.9999756528	0.0000054295	0.0000189178	1	1	sub1sub2
S_397317N1218649W002	0.9985658607	0.0006107658	0.0008233734	1	1	sub1sub2
S_397317N1218649W003	0.9493764741	0.0007844081	0.0498391178	1	1	sub1sub2
S_397325N1221233W001	0.0000229274	0.0000236322	0.9999534403	3	3	sub1sub2
S_397325N1221233W002	0.9998405284	0.0001590188	0.0000004528	1	1	sub1sub2
S_397325N1221233W003	0.0035599887	0.9448535905	0.0515864208	2	2	sub1sub2
S_397445N1218905W001	0.8147078307	0.1104075643	0.0748846050	1	1	sub1sub2
S_397473N1221559W001	0.0001236937	0.9973116639	0.0025646424	2	2	sub1sub2
S_397473N1221559W002	0.9999999349	0.0000000645	0.0000000005	1	1	sub1sub2
S_397634N1220771W001	0.0008704288	0.0002384206	0.9988911506	3	3	sub1sub2
S_397634N1220771W002	0.9999996246	0.0000003206	0.0000000549	1	1	sub1sub2
S_397634N1220771W003	0.9997820949	0.0000576968	0.0001602082	1	1	sub1sub2
S_397634N1220771W004	0.1035274171	0.0029067490	0.8935658339	3	3	sub1sub2
S_397682N1221364W001	0.0000475705	0.0068969843	0.9930554452	3	3	sub1sub2
S_397682N1221364W002	0.9999999998	0.0000000001	0.0000000000	1	1	sub1sub2
S_397682N1221364W003	0.9999999960	0.0000000030	0.0000000011	1	1	sub1sub2
S_397752N1220970W001	0.9995976728	0.0001723421	0.0002299851	1	1	sub1sub2
S_397836N1220461W001	0.0013104049	0.0000259508	0.9986636443	3	3	sub1sub2
S_397836N1220461W002	0.9999999422	0.0000000055	0.0000000523	1	1	sub1sub2
S_397836N1220461W003	0.9999996277	0.0000002537	0.0000001186	1	1	sub1sub2
S_397866N1221455W001	0.9999999985	0.0000000007	0.0000000008	1	1	sub1sub2
S_397866N1221455W002	0.9999999987	0.0000000012	0.0000000001	1	1	sub1sub2
S_397866N1221455W003	0.9999999942	0.0000000057	0.0000000000	1	1	sub1sub2
S_398028N1220294W001	0.0330186992	0.0005200643	0.9664612364	3	3	sub1sub2
S_398028N1220294W002	0.9999999895	0.0000000010	0.0000000095	1	1	sub1sub2
S_398028N1220294W003	0.9999979629	0.0000008521	0.0000011851	1	1	sub1sub2
S_398117N1221020W001	0.9999999948	0.0000000042	0.0000000009	1	1	sub1sub2
S_398117N1221020W002	0.0000512797	0.0000106387	0.9999380816	3	3	sub1sub2
S_398117N1221020W003	0.0139119032	0.0054997472	0.9805883495	3	3	sub1sub2
S_398117N1221020W004	0.9999989631	0.0000009022	0.0000001347	1	1	sub1sub2
S_398180N1219669W001	0.9999998543	0.0000000266	0.0000001191	1	1	sub1sub2
S_398188N1219912W001	0.9775512148	0.0000709799	0.0223778053	1	1	sub1sub2
S_398188N1219912W002	0.9999969067	0.0000000101	0.0000030832	1	1	sub1sub2
S_398188N1219912W003	0.9999997056	0.0000000068	0.0000002876	1	1	sub1sub2
S_398188N1219912W004	0.9977950424	0.0000355214	0.0021694362	1	1	sub1sub2
S_398193N1221590W001	0.9999635749	0.0000358971	0.0000005279	1	1	sub1sub2
S_398193N1221590W002	0.0045341644	0.9539631186	0.0415027171	2	2	sub1sub2
S_398193N1221590W003	0.9999930969	0.0000068283	0.0000000748	1	1	sub1sub2
S_398193N1221590W004	0.9999981273	0.0000018124	0.0000000603	1	1	sub1sub2
S_398260N1221876W001	0.4556268137	0.3580718386	0.1863013478	1	1	sub1sub2
S_398493N1222016W001	0.0000026534	0.9999962874	0.0000010592	2	2	sub1sub2
S_398543N1221535W001	0.0000031947	0.9999865017	0.0000103036	2	2	sub1sub2
S_398543N1221535W002	0.0000272485	0.9999251383	0.0000476132	2	2	sub1sub2
S_398543N1221535W003	0.7103799299	0.2896155569	0.0000045131	1	1	sub1sub2
S_398543N1221535W004	0.0026769194	0.9973181808	0.0000048998	2	2	sub1sub2
S_398543N1221535W005	0.8806044367	0.0961731546	0.0232224086	1	1	sub1sub2
S_398623N1221536W001	0.0000015206	0.9999980667	0.0000004127	2	2	sub1sub2
S_398651N1219930W001	0.9922715929	0.0000047945	0.0077236125	1	1	sub1sub2
S_398782N1219570W001	0.9977133076	0.0022248034	0.0000618890	1	1	sub1sub2
S_398782N1219570W002	0.9997943609	0.0000384587	0.0001671803	1	1	sub1sub2
S_398782N1219570W003	0.0138855001	0.8339393009	0.1521751990	2	2	sub1sub2
S_398996N1221227W001	0.9999999933	0.0000000043	0.0000000024	1	1	sub1sub2
S_398996N1221227W002	0.9999729041	0.0000270612	0.0000000347	1	1	sub1sub2
S_399030N1222246W001	0.0134838122	0.9865158269	0.0000003609	2	2	sub1sub2
S_399030N1222246W002	0.0000045596	0.9999954389	0.0000000015	2	2	sub1sub2
S_399030N1222246W003	0.0000000065	0.9999999935	0.0000000000	2	2	sub1sub2
S_399078N1220721W001	0.9483204961	0.0511710833	0.0005084207	1	1	sub1sub2
S_399078N1220721W002	0.9999980632	0.0000007084	0.0000012284	1	1	sub1sub2
S_399251N1220436W001	0.8230339557	0.1751652242	0.0018008200	1	1	sub1sub2
S_399252N1220436W001	0.0034187683	0.9959607762	0.0006204555	2	2	sub1sub2
S_399252N1220436W002	0.9694617882	0.0050156362	0.0255225756	1	1	sub1sub2
S_399346N1222349W001	0.0000007009	0.9999992334	0.0000000657	2	2	sub1sub2
S_399456N1220399W001	0.0026712517	0.9973272725	0.0000014758	2	2	sub1sub2
S_399456N1220399W002	0.0343604239	0.9655518763	0.0000876998	2	2	sub1sub2
S_399567N1220031W001	0.0094748507	0.9905214226	0.0000037267	2	2	sub1sub2
S_399567N1220031W002	0.0000220291	0.9999778960	0.0000000749	2	2	sub1sub2
S_399568N1220016W001	0.0083015729	0.1116579519	0.8800404752	3	3	sub1sub2
S_399633N1219955W001	0.0000033774	0.9999966207	0.0000000020	2	2	sub1sub2
S_399633N1219955W002	0.0179170789	0.9740073579	0.0080755632	2	2	sub1sub2
S_399666N1221647W001	0.0061469101	0.9938329020	0.0000201879	2	2	sub1sub2
S_399733N1220069W001	0.0000010668	0.9999989240	0.0000000092	2	2	sub1sub2
S_399733N1220069W002	0.0000008289	0.9999991690	0.0000000021	2	2	sub1sub2
S_399733N1220069W003	0.0000097036	0.9999902685	0.0000000279	2	2	sub1sub2
S_399740N1219748W001	0.0000004519	0.9999994767	0.0000000713	2	2	sub1sub2
S_399740N1219748W002	0.0000007581	0.9999991408	0.0000001011	2	2	sub1sub2
S_400329N1221904W001	0.9999998332	0.0000001125	0.0000000543	1	1	sub1sub2
S_400329N1221904W003	0.9999999063	0.0000000597	0.0000000340	1	1	sub1sub2
S_400329N1221904W004	0.9999142107	0.0000402368	0.0000455525	1	1	sub1sub2
S_400329N1221904W005	0.9909855913	0.0090102118	0.0000041969	1	1	sub1sub2
S_400379N1221700W001	0.9999999974	0.0000000025	0.0000000002	1	1	sub1sub2
S_400428N1221665W001	0.9999999156	0.0000000573	0.0000000271	1	1	sub1sub2
S_400428N1221665W002	0.9999904313	0.0000007275	0.0000088412	1	1	sub1sub2
S_400428N1221665W003	0.9622022286	0.0371961883	0.0006015831	1	1	sub1sub2
S_400725N1221124W002	0.9999952831	0.0000000200	0.0000046970	1	1	sub1sub2
S_401076N1220630W001	0.0000117310	0.9993206655	0.0006676035	2	2	sub1sub2
S_401140N1222322W001	0.0379716782	0.9620246561	0.0000036657	2	2	sub1sub2
S_401520N1222924W001	0.9999989738	0.0000000054	0.0000010208	1	1	sub1sub2
S_401829N1221752W001	0.9772905265	0.0000066813	0.0227027922	1	1	sub1sub2
S_403305N1222805W001	0.0068119060	0.0169005816	0.9762875124	3	3	sub1sub2
S_403585N1223338W002	0.8712189456	0.0000157895	0.1287652649	1	1	sub1sub2
S_403585N1223338W003	0.9986469570	0.0000683056	0.0012847374	1	1	sub1sub2
S_403664N1223984W001	0.0001632047	0.0000198264	0.9998169689	3	3	sub1sub2
S_403908N1222878W001	0.1299149206	0.0003433001	0.8697417794	3	3	sub1sub2
S_403929N1222944W001	0.0002735038	0.0000002124	0.9997262837	3	3	sub1sub2
S_403929N1222945W001	0.0001793587	0.0000001413	0.9998205000	3	3	sub1sub2
S_403929N1222945W002	0.0000765489	0.0000009246	0.9999225264	3	3	sub1sub2
S_403929N1222945W003	0.0019150839	0.0000007732	0.9980841430	3	3	sub1sub2
S_403929N1222945W004	0.2413970646	0.2016318645	0.5569710709	3	3	sub1sub2
S_404310N1222731W001	0.0049851088	0.0000082540	0.9950066373	3	3	sub1sub2
S_404377N1222883W001	0.0000011489	0.0000000890	0.9999987620	3	3	sub1sub2
S_404377N1222883W002	0.0014567050	0.0000244663	0.9985188287	3	3	sub1sub2
S_404411N1223015W001	0.0000098327	0.0000000040	0.9999901633	3	3	sub1sub2
S_404412N1223015W001	0.0000019868	0.0000000056	0.9999980077	3	3	sub1sub2
S_404412N1223018W001	0.0000143845	0.0000000059	0.9999856096	3	3	sub1sub2
S_404780N1223966W001	0.0664295643	0.9012669910	0.0323034447	2	2	sub1sub2
S_405069N1223056W001	0.9982939001	0.0000712129	0.0016348870	1	1	sub1sub2
S_405892N1223206W001	0.0007640244	0.9992300000	0.0000059756	2	2	sub1sub2
