name	clus_1	clus_2	clus_3	memb	i.cluster	subregion
C_358039N1196004W001	0.999889991	0.000105698	4.3107E-06	1	1	sub14sub15
C_358042N1195554W001	0.861952863	0.079703772	0.058343365	1	1	sub14sub15
C_358181N1195785W001	1.12307E-05	0.999279715	0.000709055	2	2	sub14sub15
C_360675N1202177W001	0.882072696	0.070070761	0.047856544	1	1	sub14sub15
C_360694N1202227W001	0.999019453	0.000669391	0.000311156	1	1	sub14sub15
C_360706N1202149W001	0.998835857	0.000200787	0.000963356	1	1	sub14sub15
C_360714N1202096W001	0.141662945	0.025896748	0.832440307	3	3	sub14sub15
C_360753N1202185W001	0.999649526	0.000200336	0.000150138	1	1	sub14sub15
C_360833N1202254W001	0.999583546	0.000224643	0.000191811	1	1	sub14sub15
C_360872N1202127W001	0.999892513	4.70218E-05	6.04656E-05	1	1	sub14sub15
C_360903N1202354W001	0.047447289	0.013972957	0.938579754	3	3	sub14sub15
C_360939N1202321W001	0.990235601	0.003120024	0.006644375	1	1	sub14sub15
C_360939N1202452W001	0.030355729	0.001223838	0.968420433	3	3	sub14sub15
C_360978N1195360W001	2.272E-07	6.22647E-05	0.999937508	3	3	sub14sub15
C_361078N1202988W001	0.000105196	4.14499E-05	0.999853354	3	3	sub14sub15
C_361089N1202296W001	0.932932197	0.003959374	0.063108429	1	1	sub14sub15
C_361089N1202363W001	0.738790402	0.000423934	0.260785664	1	1	sub14sub15
C_361119N1202585W001	0.047334455	0.006612046	0.946053499	3	3	sub14sub15
C_361125N1203341W001	0.968177155	0.010605253	0.021217591	1	1	sub14sub15
C_361158N1202452W001	0.010850561	0.000845537	0.988303902	3	3	sub14sub15
C_361164N1202179W001	0.067883941	0.002300883	0.929815176	3	3	sub14sub15
C_361214N1202693W001	0.002628081	0.001102535	0.996269384	3	3	sub14sub15
C_361217N1202696W001	0.004156116	0.000271081	0.995572804	3	3	sub14sub15
C_361222N1203343W001	0.969526447	0.002186647	0.028286906	1	1	sub14sub15
C_361231N1202532W001	0.007316826	0.001391239	0.991291935	3	3	sub14sub15
C_361233N1202366W001	0.005036619	0.001376118	0.993587263	3	3	sub14sub15
C_361233N1203571W001	0.999322486	0.00047795	0.000199565	1	1	sub14sub15
C_361303N1203257W001	0.77371699	0.014877571	0.211405438	1	1	sub14sub15
C_361372N1202899W001	0.752025556	0.201578328	0.046396116	1	1	sub14sub15
C_361381N1195482W001	6.0917E-06	0.999824313	0.000169595	2	2	sub14sub15
C_361383N1200116W001	0.987934643	0.005792789	0.006272568	1	1	sub14sub15
C_361383N1203007W001	5.21154E-05	0.001186262	0.998761623	3	3	sub14sub15
C_361469N1203007W001	0.005751191	0.980561285	0.013687524	2	2	sub14sub15
C_361481N1203488W001	0.997918949	0.000302603	0.001778448	1	1	sub14sub15
C_361508N1203252W001	1.45103E-05	1.49821E-05	0.999970508	3	3	sub14sub15
C_361514N1199066W001	0.876280279	0.017485075	0.106234647	1	1	sub14sub15
C_361525N1197882W001	9.65202E-05	0.999902294	1.1863E-06	2	2	sub14sub15
C_361553N1203188W001	0.000184015	0.000113263	0.999702722	3	3	sub14sub15
C_361583N1203099W001	0.242796768	0.024240788	0.732962444	3	3	sub14sub15
C_361586N1198402W001	4.3E-09	0.999999993	3.2E-09	2	2	sub14sub15
C_361617N1198124W001	5.49E-08	0.999999808	0.000000137	2	2	sub14sub15
C_361642N1203541W001	0.990287681	0.001422713	0.008289606	1	1	sub14sub15
C_361675N1196360W001	5.447E-07	0.999998908	5.471E-07	2	2	sub14sub15
C_361744N1196196W001	3.2827E-06	0.999995014	1.7038E-06	2	2	sub14sub15
C_361744N1196282W001	0.005472093	0.99233421	0.002193697	2	2	sub14sub15
C_361750N1196368W001	2.77546E-05	0.999935619	3.66267E-05	2	2	sub14sub15
C_361750N1196454W001	0.000002277	0.999985514	1.22096E-05	2	2	sub14sub15
C_361792N1203718W001	0.87833793	0.012541606	0.109120464	1	1	sub14sub15
C_361797N1203635W001	0.988053774	0.003002694	0.008943532	1	1	sub14sub15
C_361800N1203188W001	0.998256699	0.000650923	0.001092378	1	1	sub14sub15
C_361800N1203366W001	0.990235357	0.006635854	0.003128789	1	1	sub14sub15
C_361806N1196010W001	8.222E-07	0.999995569	3.6086E-06	2	2	sub14sub15
C_361850N1196188W001	3.668E-07	0.999993381	6.2519E-06	2	2	sub14sub15
C_361889N1197082W001	0	1	1E-10	2	2	sub14sub15
C_361906N1196252W001	1.4553E-06	0.999993241	5.3041E-06	2	2	sub14sub15
C_361928N1195563W001	0.018531051	0.981446744	2.22046E-05	2	2	sub14sub15
C_361939N1203374W001	0.982758739	0.003083507	0.014157755	1	1	sub14sub15
C_361942N1203371W001	0.997351911	0.000975294	0.001672795	1	1	sub14sub15
C_361942N1203643W001	0.75496152	0.126142897	0.118895584	1	1	sub14sub15
C_361958N1197257W001	0	1	0	2	2	sub14sub15
C_361983N1196704W001	0.638910861	0.270037103	0.091052036	1	1	sub14sub15
C_362017N1197066W001	0.965358747	0.007496883	0.02714437	1	1	sub14sub15
C_362106N1196685W001	0.000000243	0.99999923	5.276E-07	2	2	sub14sub15
C_362108N1197263W001	1.828E-07	0.999999541	2.763E-07	2	2	sub14sub15
C_362189N1198871W001	6.405E-07	0.999998756	6.039E-07	2	2	sub14sub15
C_362264N1202099W001	0.960475739	0.002920341	0.03660392	1	1	sub14sub15
C_362267N1202018W001	0.999975059	1.68019E-05	8.1393E-06	1	1	sub14sub15
C_362383N1196704W001	0.999789588	0.000191696	1.87164E-05	1	1	sub14sub15
C_362408N1201824W001	0.996512448	0.002146403	0.001341148	1	1	sub14sub15
C_362411N1201324W001	0.473773143	0.525853595	0.000373263	2	2	sub14sub15
C_362453N1197243W001	6.861E-07	0.999977212	2.21016E-05	2	2	sub14sub15
C_362483N1201066W001	0.001794145	0.998104615	0.00010124	2	2	sub14sub15
C_362546N1196971W001	9.148E-07	0.965126626	0.034872459	2	2	sub14sub15
C_362550N1202263W001	0.998799404	0.000272285	0.000928311	1	1	sub14sub15
C_362667N1198352W001	2E-10	0.999999359	6.407E-07	2	2	sub14sub15
C_362764N1196760W001	0.00015034	0.974288425	0.025561235	2	2	sub14sub15
C_362833N1196377W001	0.1888711	0.807804319	0.003324581	2	2	sub14sub15
C_362835N1197168W002	3.1989E-06	0.998806713	0.001190088	2	2	sub14sub15
C_362857N1197277W001	0.00268619	0.871173844	0.126139966	2	2	sub14sub15
C_362892N1195835W001	9.245E-07	0.999998624	4.518E-07	2	2	sub14sub15
C_362906N1196724W001	0.000823338	0.997706084	0.001470578	2	2	sub14sub15
C_362942N1198432W001	2.79793E-05	0.9999101	6.19208E-05	2	2	sub14sub15
C_362944N1196910W001	0.004396359	0.466817273	0.528786368	3	3	sub14sub15
C_362980N1197471W001	0.90027452	0.094157383	0.005568097	1	1	sub14sub15
C_362981N1196629W001	9.42058E-05	0.612849437	0.387056357	2	2	sub14sub15
C_363028N1195535W001	3.7911E-06	0.999987735	8.4739E-06	2	2	sub14sub15
C_363028N1196866W001	0.008762015	0.328852297	0.662385688	3	3	sub14sub15
C_363039N1196729W001	0.002341404	0.917787878	0.079870718	2	2	sub14sub15
C_363042N1195988W001	4.14648E-05	0.312841688	0.687116847	3	3	sub14sub15
C_363053N1198438W001	0.491762709	0.436859407	0.071377884	1	1	sub14sub15
C_363061N1195877W001	8.38E-08	0.999953626	4.62906E-05	2	2	sub14sub15
C_363092N1198438W001	0.000000005	0.999999913	8.19E-08	2	2	sub14sub15
C_363128N1195916W001	1.093E-07	0.96721843	0.032781461	2	2	sub14sub15
C_363128N1196816W001	0.005061013	0.017904755	0.977034232	3	3	sub14sub15
C_363133N1199046W001	8.317E-07	0.999992671	6.4976E-06	2	2	sub14sub15
C_363139N1200857W001	0.24223922	0.002364568	0.755396212	3	3	sub14sub15
C_363139N1200857W002	0.999964506	8.3533E-06	2.71405E-05	1	1	sub14sub15
C_363142N1195685W001	0.003538474	0.717289988	0.279171538	2	2	sub14sub15
C_363144N1197968W001	0.010332578	0.786905529	0.202761894	2	2	sub14sub15
C_363167N1200671W001	0.057716182	0.942257061	2.67571E-05	2	2	sub14sub15
C_363208N1198691W002	3.775E-07	0.999546906	0.000452717	2	2	sub14sub15
C_363269N1197113W001	4.8E-09	0.999775293	0.000224702	2	2	sub14sub15
C_363274N1197327W001	3.8928E-06	0.990755937	0.009240171	2	2	sub14sub15
C_363297N1200127W001	0.767047559	0.229883267	0.003069175	1	1	sub14sub15
C_363431N1197163W001	1.364E-07	0.999995544	4.3196E-06	2	2	sub14sub15
C_363461N1198468W001	1.93E-08	0.993932886	0.006067094	2	2	sub14sub15
C_363517N1196927W001	1.769E-07	0.226440494	0.77355933	3	3	sub14sub15
C_363519N1197279W001	0.001383984	0.998396149	0.000219868	2	2	sub14sub15
C_363547N1201032W001	6.4785E-06	0.999991854	1.6672E-06	2	2	sub14sub15
C_363556N1195654W001	0.145413611	0.031686318	0.822900072	3	3	sub14sub15
C_363567N1195938W001	0	3.22E-08	0.999999968	3	3	sub14sub15
C_363569N1196182W001	0.021346369	0.005371509	0.973282122	3	3	sub14sub15
C_363608N1195924W001	7.83066E-05	0.002490849	0.997430845	3	3	sub14sub15
C_363667N1198832W001	0.891898357	0.107678888	0.000422755	1	1	sub14sub15
C_363675N1197041W001	0.000000589	0.001467278	0.998532133	3	3	sub14sub15
C_363675N1197188W001	3.97791E-05	0.458398482	0.541561739	3	3	sub14sub15
C_363681N1197127W001	1.2897E-06	0.000144708	0.999854002	3	3	sub14sub15
C_363711N1196846W001	0.000289737	0.087693034	0.91201723	3	3	sub14sub15
C_363719N1196754W001	8.8E-09	0.000728385	0.999271606	3	3	sub14sub15
C_363719N1199579W001	5.7156E-06	0.942415918	0.057578367	2	2	sub14sub15
C_363722N1197282W001	0.999530309	0.000140874	0.000328817	1	1	sub14sub15
C_363722N1199421W001	2.024E-07	0.999918052	8.17452E-05	2	2	sub14sub15
C_363728N1196538W001	0.00158895	0.10295201	0.895459041	3	3	sub14sub15
C_363764N1197093W001	0.00344509	0.043244942	0.953309968	3	3	sub14sub15
C_363794N1196821W001	0.000000879	0.043132478	0.956866643	3	3	sub14sub15
C_363863N1197571W001	5.313E-07	0.998160177	0.001839291	2	2	sub14sub15
C_363864N1196046W001	8.05E-08	0.000005992	0.999993927	3	3	sub14sub15
C_363883N1199318W001	7.8472E-06	0.999600236	0.000391917	2	2	sub14sub15
C_363894N1196557W001	2.53E-08	9.50774E-05	0.999904897	3	3	sub14sub15
C_363908N1197016W001	0.000077505	0.246694022	0.753228474	3	3	sub14sub15
C_363911N1195799W001	8.6E-09	5.03219E-05	0.999949669	3	3	sub14sub15
C_363931N1197227W001	3.43614E-05	0.668156763	0.331808875	2	2	sub14sub15
C_363933N1196735W001	1.57898E-05	0.392021575	0.607962635	3	3	sub14sub15
C_363936N1200399W001	0.000011987	0.999811344	0.000176669	2	2	sub14sub15
C_363942N1196360W002	0	4.4E-09	0.999999996	3	3	sub14sub15
C_363944N1199407W001	8.42798E-05	0.998576929	0.001338791	2	2	sub14sub15
C_363978N1196349W001	5.07E-08	0.01008531	0.989914639	3	3	sub14sub15
C_363992N1195716W001	0	4.6953E-06	0.999995305	3	3	sub14sub15
C_364006N1201835W001	0.000169767	0.999829999	2.339E-07	2	2	sub14sub15
C_364008N1196477W001	3.58579E-05	0.012984083	0.986980059	3	3	sub14sub15
C_364017N1197277W001	1.3572E-06	0.053738892	0.94625975	3	3	sub14sub15
C_364019N1197179W001	7.8E-09	0.999807333	0.000192659	2	2	sub14sub15
C_364031N1195624W001	0	0.000121371	0.999878629	3	3	sub14sub15
C_364033N1196960W001	0.000011884	0.986446005	0.013542111	2	2	sub14sub15
C_364033N1199049W001	0.000410717	0.985423852	0.014165431	2	2	sub14sub15
C_364044N1195963W001	1.01E-08	1.3708E-06	0.999998619	3	3	sub14sub15
C_364072N1196366W001	3.5E-09	0.020204259	0.979795738	3	3	sub14sub15
C_364144N1196449W001	1.67E-08	0.999826037	0.000173946	2	2	sub14sub15
C_364150N1196196W001	3.78E-08	0.999563813	0.000436149	2	2	sub14sub15
C_364150N1202113W001	4.15743E-05	0.999939226	1.91998E-05	2	2	sub14sub15
C_364156N1196638W001	7.06E-08	0.999990238	9.6916E-06	2	2	sub14sub15
C_364156N1200579W001	1.032E-07	0.999998871	1.0255E-06	2	2	sub14sub15
C_364158N1196135W001	0	0.99999994	0.00000006	2	2	sub14sub15
C_364185N1198163W001	5.76E-08	0.526093236	0.473906706	2	2	sub14sub15
C_364199N1199496W001	0.00404143	0.279571937	0.716386633	3	3	sub14sub15
C_364224N1199949W001	6.5206E-06	0.976524015	0.023469464	2	2	sub14sub15
C_364225N1196816W001	0.00016335	0.99960429	0.00023236	2	2	sub14sub15
C_364255N1197804W001	1.6763E-06	0.729919375	0.270078949	2	2	sub14sub15
C_364269N1196232W001	5.8548E-06	0.999969377	2.47683E-05	2	2	sub14sub15
C_364303N1195841W001	2E-10	0.999509575	0.000490425	2	2	sub14sub15
C_364306N1197260W001	6E-10	0.999996434	3.5652E-06	2	2	sub14sub15
C_364313N1197916W001	4.634E-07	0.098308201	0.901691336	3	3	sub14sub15
C_364313N1200263W001	6.4334E-06	0.974961326	0.02503224	2	2	sub14sub15
C_364343N1197624W001	4.63732E-05	0.466530563	0.533423064	3	3	sub14sub15
C_364394N1197271W001	3.37E-08	0.999965167	3.47992E-05	2	2	sub14sub15
C_364436N1197271W002	0.005726425	0.993613178	0.000660397	2	2	sub14sub15
C_364439N1201277W001	5.8769E-06	0.999870985	0.000123138	2	2	sub14sub15
C_364439N1201277W002	0.002998685	0.987362441	0.009638875	2	2	sub14sub15
C_364441N1199752W001	0.987158658	0.001425413	0.011415929	1	1	sub14sub15
C_364442N1202113W001	0.017444374	0.982510717	4.49093E-05	2	2	sub14sub15
C_364449N1198313W001	6.98E-08	0.000120876	0.999879054	3	3	sub14sub15
C_364450N1202296W001	1.73E-08	0.999999933	4.97E-08	2	2	sub14sub15
C_364453N1196360W001	0.001021259	0.998345259	0.000633483	2	2	sub14sub15
C_364492N1197088W001	4.48E-08	0.994477564	0.005522391	2	2	sub14sub15
C_364500N1196535W001	0.013803343	0.982693513	0.003503144	2	2	sub14sub15
C_364575N1202371W001	6.7E-09	0.999999984	0.000000009	2	2	sub14sub15
C_364586N1202027W001	0.887736993	0.112226572	3.64355E-05	1	1	sub14sub15
C_364589N1201477W001	0.000925456	0.994752048	0.004322496	2	2	sub14sub15
C_364591N1200135W001	8.8578E-06	0.939080568	0.060910574	2	2	sub14sub15
C_364593N1200299W001	9.54E-08	0.998460389	0.001539516	2	2	sub14sub15
C_364638N1197638W001	3.82E-08	0.809764238	0.190235724	2	2	sub14sub15
C_364667N1196641W001	0	5.09E-08	0.999999949	3	3	sub14sub15
C_364727N1200229W001	9.84E-08	0.99641482	0.003585081	2	2	sub14sub15
C_364735N1199579W001	1.0273E-06	0.040473229	0.959525744	3	3	sub14sub15
C_364738N1198874W001	0.001371769	0.018051147	0.980577084	3	3	sub14sub15
C_364738N1199416W001	2.086E-07	0.849523383	0.150476408	2	2	sub14sub15
C_364739N1196227W001	1.388E-07	0.001685826	0.998314035	3	3	sub14sub15
C_364743N1198877W001	1.0715E-06	0.296333486	0.703665443	3	3	sub14sub15
C_364743N1199863W001	4.1215E-06	0.006973952	0.993021927	3	3	sub14sub15
C_364884N1201218W001	6.62075E-05	0.022147583	0.97778621	3	3	sub14sub15
C_364893N1200127W001	1.78E-08	0.04958019	0.950419792	3	3	sub14sub15
C_364916N1199307W001	6.4E-09	0.000481897	0.999518096	3	3	sub14sub15
C_365071N1199693W001	4.74E-08	0.003340859	0.996659093	3	3	sub14sub15
C_365180N1199129W001	1.82E-08	0.000020899	0.999979083	3	3	sub14sub15
C_365213N1199060W001	0.560217923	0.013879265	0.425902812	1	1	sub14sub15
C_365235N1199902W001	2.7063E-06	0.001300537	0.998696757	3	3	sub14sub15
C_365263N1198885W001	2.41E-08	2.705E-07	0.999999705	3	3	sub14sub15
C_365285N1199318W001	5.634E-07	8.2099E-06	0.999991227	3	3	sub14sub15
C_365396N1200077W001	7.92897E-05	0.017397322	0.982523388	3	3	sub14sub15
C_365411N1203702W001	7.805E-07	0.99854123	0.001457989	2	2	sub14sub15
C_365421N1198996W001	5.55E-08	4.195E-07	0.999999525	3	3	sub14sub15
C_365444N1203160W001	0.000426881	0.002967571	0.996605548	3	3	sub14sub15
C_365450N1203963W001	0.313542088	0.654491868	0.031966044	2	2	sub14sub15
C_365463N1199268W001	1.2522E-06	0.000207992	0.999790756	3	3	sub14sub15
C_365505N1199899W001	5.1E-09	1.5584E-06	0.999998437	3	3	sub14sub15
C_365571N1200163W001	2.33901E-05	0.000257291	0.999719319	3	3	sub14sub15
C_365577N1199099W001	5.01026E-05	3.0802E-06	0.999946817	3	3	sub14sub15
C_365600N1203804W001	7.155E-07	0.999992561	6.7233E-06	2	2	sub14sub15
C_365610N1200391W001	1.93E-08	2.748E-07	0.999999706	3	3	sub14sub15
C_365616N1198824W001	2.796E-07	2.9921E-06	0.999996728	3	3	sub14sub15
C_365622N1203796W001	7.7808E-06	0.99607556	0.003916659	2	2	sub14sub15
C_365655N1200977W001	0.000002763	0.004912836	0.995084401	3	3	sub14sub15
C_365669N1202252W001	0.18901491	0.003297161	0.807687929	3	3	sub14sub15
C_365680N1199902W001	0.000006059	0.010793196	0.989200745	3	3	sub14sub15
C_365682N1199538W001	1.622E-07	5.9396E-06	0.999993898	3	3	sub14sub15
C_365749N1199899W001	6.734E-07	0.001415845	0.998583482	3	3	sub14sub15
C_365755N1199304W001	0.243123027	0.013022496	0.743854477	3	3	sub14sub15
C_365771N1200971W001	4.505E-07	0.000347419	0.99965213	3	3	sub14sub15
C_365782N1199071W001	3.832E-07	2.4245E-06	0.999997192	3	3	sub14sub15
C_365782N1200252W001	2.4E-09	6.727E-07	0.999999325	3	3	sub14sub15
C_365813N1201460W002	0.589601976	0.391753179	0.018644844	1	1	sub14sub15
C_365818N1200707W001	0.000000019	6.37E-08	0.999999917	3	3	sub14sub15
C_365849N1200393W001	2.17E-08	1.5239E-06	0.999998454	3	3	sub14sub15
C_365855N1200254W001	3.04E-08	4.0077E-06	0.999995962	3	3	sub14sub15
C_365891N1198877W001	6.068E-07	2.47652E-05	0.999974628	3	3	sub14sub15
C_365930N1200257W001	2E-10	1.755E-07	0.999999824	3	3	sub14sub15
C_365935N1199532W001	0.000533727	0.00122031	0.998245963	3	3	sub14sub15
C_365960N1201241W001	1.08E-08	1.9742E-06	0.999998015	3	3	sub14sub15
C_366007N1199146W001	2.2E-09	2.658E-07	0.999999732	3	3	sub14sub15
C_366022N1202260W003	0.005049789	0.000331205	0.994619006	3	3	sub14sub15
C_366022N1202260W004	0.481868397	0.108720669	0.409410934	1	1	sub14sub15
C_366032N1200799W001	0.049065805	0.194617392	0.756316803	3	3	sub14sub15
C_366077N1200982W001	5.8642E-06	7.9036E-06	0.999986232	3	3	sub14sub15
C_366080N1199521W001	8.334E-07	3.331E-07	0.999998834	3	3	sub14sub15
C_366082N1201199W001	3.6382E-06	8.79114E-05	0.99990845	3	3	sub14sub15
C_366088N1199535W001	1.269E-07	6.6059E-06	0.999993267	3	3	sub14sub15
C_366177N1198988W001	2E-10	2.7975E-06	0.999997202	3	3	sub14sub15
C_366183N1203882W001	0.981734233	0.000449536	0.017816231	1	1	sub14sub15
C_366186N1204732W001	0.994235771	0.000187829	0.005576399	1	1	sub14sub15
C_366188N1199104W001	0.000881638	0.006124015	0.992994347	3	3	sub14sub15
C_366255N1200977W001	0.001702064	0.001119036	0.9971789	3	3	sub14sub15
C_366257N1199893W001	0.001167243	0.000420272	0.998412485	3	3	sub14sub15
C_366299N1199893W001	5.7106E-06	0.007842065	0.992152225	3	3	sub14sub15
C_366338N1199404W001	8.29202E-05	0.430926306	0.568990774	3	3	sub14sub15
C_366366N1199710W001	0.013061096	0.163280579	0.823658326	3	3	sub14sub15
C_366460N1201827W001	2.3239E-06	1.01765E-05	0.9999875	3	3	sub14sub15
C_366471N1200435W001	0.024659737	0.136882025	0.838458238	3	3	sub14sub15
C_366477N1199710W001	4.91423E-05	0.083383779	0.916567078	3	3	sub14sub15
C_366481N1204871W001	0.088259485	0.911587374	0.000153141	2	2	sub14sub15
C_366582N1201427W001	4.5641E-06	2.32399E-05	0.999972196	3	3	sub14sub15
C_366616N1200843W001	2.4893E-06	1.1776E-06	0.999996333	3	3	sub14sub15
C_366617N1204060W001	0.910347256	0.088405284	0.00124746	1	1	sub14sub15
C_366617N1206349W001	0.052646152	0.945572042	0.001781805	2	2	sub14sub15
C_366857N1202799W003	0.181764286	0.367521392	0.450714322	3	3	sub14sub15
C_366875N1203493W001	0.999888399	0.000110414	1.1873E-06	1	1	sub14sub15
C_366906N1203604W001	0.967910022	0.013891116	0.018198863	1	1	sub14sub15
C_367353N1205946W001	0.0039592	0.992620905	0.003419895	2	2	sub14sub15
C_367457N1202232W001	0.688901445	0.278118056	0.032980499	1	1	sub14sub15
C_367485N1202602W001	0.997487419	0.002193539	0.000319041	1	1	sub14sub15
C_367488N1202374W001	0.664933879	0.100536231	0.23452989	1	1	sub14sub15
C_367513N1201688W001	0.029508387	0.024338042	0.946153572	3	3	sub14sub15
C_367560N1202232W001	0.256888616	0.714904749	0.028206635	2	2	sub14sub15
C_367563N1201868W001	0.75292553	0.11589892	0.13117555	1	1	sub14sub15
C_367596N1202329W001	0.967133664	0.022228735	0.010637602	1	1	sub14sub15
C_367632N1202299W001	0.947544594	0.049479656	0.00297575	1	1	sub14sub15
C_367633N1204593W001	0.999674572	0.000315235	1.01935E-05	1	1	sub14sub15
C_367635N1201868W001	0.795879246	0.193784453	0.010336301	1	1	sub14sub15
C_367635N1202146W001	0.418377658	0.229393264	0.352229078	1	1	sub14sub15
C_367641N1202941W001	0.985631654	0.014026219	0.000342127	1	1	sub14sub15
C_367646N1202604W001	0.892287568	0.088127345	0.019585087	1	1	sub14sub15
C_367688N1202599W001	0.946171857	0.047178751	0.006649392	1	1	sub14sub15
C_367705N1202691W001	0.173809548	0.280036024	0.546154429	3	3	sub14sub15
C_367706N1204502W001	0.991289007	0.002407448	0.006303545	1	1	sub14sub15
C_367707N1201960W001	0.983600818	0.010607253	0.00579193	1	1	sub14sub15
C_367707N1202141W001	0.987766215	0.0107137	0.001520085	1	1	sub14sub15
C_367710N1202263W001	0.548588027	0.437783416	0.013628556	1	1	sub14sub15
C_367710N1203371W001	0.908618894	0.0902986	0.001082506	1	1	sub14sub15
C_367730N1202732W001	0.989474725	0.009967539	0.000557736	1	1	sub14sub15
C_367780N1202232W001	0.995271125	0.004673576	5.52995E-05	1	1	sub14sub15
C_367782N1202141W001	0.98210203	0.01755835	0.00033962	1	1	sub14sub15
C_367824N1202232W001	0.998703323	0.001255935	0.000040742	1	1	sub14sub15
C_367824N1203377W001	0.959928848	0.019610436	0.020460716	1	1	sub14sub15
C_367852N1202049W001	0.999602649	0.000362906	3.44454E-05	1	1	sub14sub15
C_367852N1202096W001	0.999649725	0.000345172	5.1032E-06	1	1	sub14sub15
C_367852N1202141W001	0.974076315	0.025821347	0.000102338	1	1	sub14sub15
C_367932N1201510W001	0.985270981	0.014204008	0.000525011	1	1	sub14sub15
C_367977N1201682W001	0.9959052	0.003567846	0.000526954	1	1	sub14sub15
