name	clus_1	clus_2	clus_3	clus_4	memb	i.cluster	subregion
C_367702N1202910W001	0.999508677	5.6177E-06	6.482E-07	0.000485057	1	1	sub11sub12sub13
C_367705N1203029W001	0.957615691	0.009726042	0.003408698	0.029249569	1	1	sub11sub12sub13
C_367730N1203049W001	0.885199508	0.037315078	0.019144609	0.058340804	1	1	sub11sub12sub13
C_367738N1202877W001	0.998568646	3.71212E-05	3.9043E-06	0.001390328	1	1	sub11sub12sub13
C_367755N1202654W001	0.792363859	0.005116848	0.001972892	0.200546402	1	1	sub11sub12sub13
C_367824N1202593W001	0.5403026	0.458025458	0.000532927	0.001139014	1	1	sub11sub12sub13
C_367882N1203566W001	0.921911244	0.05652154	0.001690548	0.019876667	1	1	sub11sub12sub13
C_367882N1203579W001	0.958003128	0.037315637	0.000541324	0.004139911	1	1	sub11sub12sub13
C_367985N1203102W001	0.349534688	0.636540146	0.003185576	0.010739589	2	2	sub11sub12sub13
C_368068N1202368W001	0.979284631	0.014174012	0.002652991	0.003888367	1	1	sub11sub12sub13
C_368205N1201513W001	0.752481194	0.114217808	0.044989279	0.088311719	1	1	sub11sub12sub13
C_368232N1201421W001	0.953738604	0.040747539	0.001119152	0.004394705	1	1	sub11sub12sub13
C_368291N1203016W001	0.068672262	0.912648107	0.01581379	0.002865842	2	2	sub11sub12sub13
C_368293N1200474W001	0.000869206	0.937996597	0.026173473	0.034960725	2	2	sub11sub12sub13
C_368299N1200388W001	1.25189E-05	0.933392812	0.063576448	0.003018222	2	2	sub11sub12sub13
C_368310N1200974W001	4.0552E-06	0.980080346	0.019517617	0.000397982	2	2	sub11sub12sub13
C_368332N1200546W001	0.003285573	0.971032087	0.005338856	0.020343484	2	2	sub11sub12sub13
C_368341N1200113W001	0.949413066	0.000874203	1.51746E-05	0.049697556	1	1	sub11sub12sub13
C_368368N1203291W001	0.118330944	0.863356574	0.013010604	0.005301879	2	2	sub11sub12sub13
C_368371N1200785W001	6.26E-08	0.999426951	0.00057261	3.765E-07	2	2	sub11sub12sub13
C_368427N1200377W001	0.006480135	0.987986773	0.005388586	0.000144506	2	2	sub11sub12sub13
C_368438N1202621W001	0.000527555	0.714750092	0.284151737	0.000570616	2	2	sub11sub12sub13
C_368652N1198671W001	0.686773038	0.049862207	0.049959539	0.213405217	1	1	sub11sub12sub13
C_368680N1201377W001	0.002311523	0.981940993	0.013982619	0.001764866	2	2	sub11sub12sub13
C_368732N1200099W001	1.9443E-06	0.999609052	0.000378271	1.07332E-05	2	2	sub11sub12sub13
C_368743N1204360W001	2.43828E-05	0.900895462	0.094905624	0.004174532	2	2	sub11sub12sub13
C_368788N1198977W001	1.833E-07	0.004902436	0.995096194	1.1872E-06	3	3	sub11sub12sub13
C_368788N1199121W001	0.000000073	0.905754539	0.094243311	2.0776E-06	2	2	sub11sub12sub13
C_368799N1198646W001	0.534360699	0.116029488	0.139183148	0.210426665	1	1	sub11sub12sub13
C_368799N1202216W001	4.712E-07	0.999392381	0.000606773	3.743E-07	2	2	sub11sub12sub13
C_368805N1198346W001	0.515779694	0.070025897	0.075340146	0.338854263	1	1	sub11sub12sub13
C_368838N1202732W001	0.028136224	0.896886649	0.043572731	0.031404396	2	2	sub11sub12sub13
C_368874N1200604W001	3E-10	0.99670149	0.003298508	1.9E-09	2	2	sub11sub12sub13
C_368899N1198079W001	0.409599906	0.052462537	0.241745668	0.296191889	1	1	sub11sub12sub13
C_368935N1198035W001	2.77129E-05	0.000333005	0.999496935	0.000142347	3	3	sub11sub12sub13
C_368946N1198296W001	0.568708843	0.023953507	0.028646312	0.378691338	1	1	sub11sub12sub13
C_368946N1201107W001	1.7E-09	0.990949333	0.009050595	7.05E-08	2	2	sub11sub12sub13
C_368960N1199629W001	7E-10	0.000202188	0.999797746	6.49E-08	3	3	sub11sub12sub13
C_368977N1202735W001	7.51E-08	0.000445033	0.999542619	1.22736E-05	3	3	sub11sub12sub13
C_368980N1200107W001	0	0.996900252	0.003099748	6E-10	2	2	sub11sub12sub13
C_368980N1202918W001	0.969231873	0.014980286	0.002725279	0.013062563	1	1	sub11sub12sub13
C_369063N1200888W001	1E-10	0.999989277	1.07229E-05	1E-10	2	2	sub11sub12sub13
C_369082N1198641W001	0.930012826	0.007545771	0.014773074	0.047668329	1	1	sub11sub12sub13
C_369118N1202763W001	0.197596998	0.667604023	0.057785702	0.077013277	2	2	sub11sub12sub13
C_369232N1201477W001	2E-10	0.965848497	0.034151489	1.35E-08	2	2	sub11sub12sub13
C_369257N1203046W001	0.01585796	0.766948106	0.208494044	0.00869989	2	2	sub11sub12sub13
C_369260N1199141W001	0.000000062	0.000158296	0.999841587	0.000000055	3	3	sub11sub12sub13
C_369271N1201718W001	1.86532E-05	0.923287998	0.076669026	0.000024323	2	2	sub11sub12sub13
C_369271N1204491W001	0.087991578	0.676652293	0.108440917	0.126915212	2	2	sub11sub12sub13
C_369277N1201654W001	2.3252E-06	0.040713506	0.959281648	2.5213E-06	3	3	sub11sub12sub13
C_369305N1203638W001	0.000512125	0.071139752	0.923406301	0.004941823	3	3	sub11sub12sub13
C_369307N1201835W001	2.62789E-05	0.815551177	0.184396043	2.65012E-05	2	2	sub11sub12sub13
C_369341N1201107W001	1E-10	0.080367954	0.919632044	2.1E-09	3	3	sub11sub12sub13
C_369343N1202196W001	7.74922E-05	0.696737175	0.30303359	0.000151742	2	2	sub11sub12sub13
C_369374N1199896W001	7.28E-08	0.002512851	0.997487052	2.44E-08	3	3	sub11sub12sub13
C_369380N1200377W001	0.000490079	0.017474546	0.981919509	0.000115866	3	3	sub11sub12sub13
C_369382N1202918W001	1.43079E-05	0.000196882	0.999306558	0.000482252	3	3	sub11sub12sub13
C_369513N1201107W001	0	5.269E-07	0.999999473	0	3	3	sub11sub12sub13
C_369516N1202746W001	5.782E-07	0.003863852	0.996112787	2.27837E-05	3	3	sub11sub12sub13
C_369521N1203643W001	6.89742E-05	0.983972123	0.015944927	1.39753E-05	2	2	sub11sub12sub13
C_369582N1202110W001	5.2227E-06	0.018390419	0.981552935	5.14238E-05	3	3	sub11sub12sub13
C_369599N1201793W001	0	0.000201206	0.999798794	3E-10	3	3	sub11sub12sub13
C_369705N1203829W001	1.39126E-05	0.999847755	7.96613E-05	5.86714E-05	2	2	sub11sub12sub13
C_369707N1201843W001	0	3.0445E-06	0.999996955	7E-10	3	3	sub11sub12sub13
C_369730N1202149W001	4.37E-08	0.19984221	0.800157428	3.192E-07	3	3	sub11sub12sub13
C_369746N1201124W001	4E-10	3.954E-07	0.999999604	5E-10	3	3	sub11sub12sub13
C_369810N1204413W001	0.993784952	0.003141107	0.000529335	0.002544606	1	1	sub11sub12sub13
C_369816N1202527W001	0.000007986	0.01582341	0.984003913	0.000164691	3	3	sub11sub12sub13
C_369818N1204554W001	0.999945239	5.03185E-05	1.0266E-06	3.4163E-06	1	1	sub11sub12sub13
C_369832N1202202W001	8E-10	0.00979329	0.990206705	3.9E-09	3	3	sub11sub12sub13
C_369877N1203113W001	0.975206039	0.00026725	0.000010197	0.024516514	1	1	sub11sub12sub13
C_369949N1204377W001	0.050951727	0.945488655	0.003137906	0.000421713	2	2	sub11sub12sub13
C_369952N1203377W001	5.942E-07	0.057434764	0.94256186	2.7819E-06	3	3	sub11sub12sub13
C_370035N1202746W001	0.000000003	0.060575524	0.939424207	2.658E-07	3	3	sub11sub12sub13
C_370082N1202141W001	1.2E-09	2.95663E-05	0.999970391	0.000000041	3	3	sub11sub12sub13
C_370105N1201602W001	0	2.713E-07	0.999999729	0	3	3	sub11sub12sub13
C_370107N1202027W001	1E-10	6.8464E-06	0.99999314	1.31E-08	3	3	sub11sub12sub13
C_370168N1203593W001	1.296E-07	0.511875953	0.488120372	3.5456E-06	2	2	sub11sub12sub13
C_370174N1203593W001	6.08265E-05	0.995653083	0.004255302	3.07893E-05	2	2	sub11sub12sub13
C_370180N1202571W001	1.334E-07	0.514005789	0.485993407	6.702E-07	2	2	sub11sub12sub13
C_370191N1202043W001	0	0.000402191	0.999597809	1E-10	3	3	sub11sub12sub13
C_370241N1202529W001	0.000001859	0.951006951	0.048987768	3.4213E-06	2	2	sub11sub12sub13
C_370252N1199857W001	4.351E-07	0.023079882	0.976919536	1.464E-07	3	3	sub11sub12sub13
C_370252N1200929W001	0	2.427E-07	0.999999757	1E-10	3	3	sub11sub12sub13
C_370252N1201810W001	2.21006E-05	0.000982916	0.998989371	5.6127E-06	3	3	sub11sub12sub13
C_370252N1202971W001	2.7601E-06	0.992734135	0.007234808	2.82967E-05	2	2	sub11sub12sub13
C_370252N1203752W001	3.967E-07	0.970274107	0.02972524	2.564E-07	2	2	sub11sub12sub13
C_370255N1203107W001	4.51E-08	0.046646544	0.953352151	1.2604E-06	3	3	sub11sub12sub13
C_370268N1201710W001	3.8186E-06	0.000415542	0.999579961	6.776E-07	3	3	sub11sub12sub13
C_370366N1201760W001	1.6E-09	0.000113257	0.999886734	7.3E-09	3	3	sub11sub12sub13
C_370377N1201535W001	8.01E-08	0.00377628	0.996223494	1.458E-07	3	3	sub11sub12sub13
C_370391N1202571W001	8.5E-09	0.998834975	0.001165009	8.3E-09	2	2	sub11sub12sub13
C_370391N1204443W001	0.000397883	0.998052319	0.001432454	0.000117344	2	2	sub11sub12sub13
C_370393N1202954W001	3.2E-09	0.99922939	0.000770601	5.6E-09	2	2	sub11sub12sub13
C_370393N1203471W001	2.3E-09	0.852360159	0.147639716	1.235E-07	2	2	sub11sub12sub13
C_370396N1202418W001	1.0287E-06	0.003895086	0.996101084	2.8012E-06	3	3	sub11sub12sub13
C_370468N1204421W001	0.000420003	0.991209386	0.008359204	1.14075E-05	2	2	sub11sub12sub13
C_370471N1203016W001	4.58307E-05	0.893045938	0.106689975	0.000218257	2	2	sub11sub12sub13
C_370513N1204738W001	0.002294089	0.826795581	0.132613927	0.038296403	2	2	sub11sub12sub13
C_370524N1204035W001	0.006204132	0.242403799	0.729039697	0.022352371	3	3	sub11sub12sub13
C_370527N1203571W001	1.8082E-06	0.97822084	0.021761893	1.54589E-05	2	2	sub11sub12sub13
C_370543N1201085W001	0	2.156E-07	0.999999784	1E-10	3	3	sub11sub12sub13
C_370543N1204471W001	5.9E-09	0.999984626	0.00001535	1.78E-08	2	2	sub11sub12sub13
C_370555N1204193W001	7.33E-08	0.999977817	2.20679E-05	4.17E-08	2	2	sub11sub12sub13
C_370568N1203307W001	0.021451118	0.966041531	0.012038392	0.000468958	2	2	sub11sub12sub13
C_370582N1204596W001	0.000306733	0.56514428	0.429962734	0.004586253	2	2	sub11sub12sub13
C_370610N1201882W001	0	0.000000014	0.999999986	0	3	3	sub11sub12sub13
C_370613N1203746W001	1.15279E-05	0.992296681	0.007677319	1.44716E-05	2	2	sub11sub12sub13
C_370613N1203804W001	4.41249E-05	0.970355916	0.029562361	3.75982E-05	2	2	sub11sub12sub13
C_370641N1204402W001	0.000000816	0.830130945	0.169865232	3.0066E-06	2	2	sub11sub12sub13
C_370646N1199138W001	0.943805542	0.003037263	0.001408357	0.051748838	1	1	sub11sub12sub13
C_370646N1204193W001	3.6E-09	0.972481988	0.027517161	8.477E-07	2	2	sub11sub12sub13
C_370649N1204466W001	1.4944E-06	0.254227164	0.745769164	0.000002178	3	3	sub11sub12sub13
C_370682N1203093W001	0.013645649	0.526136572	0.457917551	0.002300229	2	2	sub11sub12sub13
C_370685N1202727W001	0	0	1	0	3	3	sub11sub12sub13
C_370743N1203441W001	0.001166876	0.836137977	0.158993849	0.003701298	2	2	sub11sub12sub13
C_370760N1201749W001	1.5448E-06	4.40901E-05	0.999952753	0.000001612	3	3	sub11sub12sub13
C_370760N1202638W001	0.002057375	0.985271749	0.012525138	0.000145738	2	2	sub11sub12sub13
C_370796N1200152W001	0	7.62126E-05	0.999923787	1E-10	3	3	sub11sub12sub13
C_370796N1202927W001	6.63E-08	0.042700192	0.957299034	0.000000708	3	3	sub11sub12sub13
C_370830N1203591W001	1.9E-09	0.000183489	0.99981641	9.86E-08	3	3	sub11sub12sub13
C_370830N1204616W001	1.25541E-05	0.558802078	0.441166863	0.000018505	2	2	sub11sub12sub13
C_370835N1203829W001	0.00025706	0.998240071	0.001443252	5.96163E-05	2	2	sub11sub12sub13
C_370843N1205496W001	0.011592334	0.956368904	0.024380007	0.007658755	2	2	sub11sub12sub13
C_370860N1202571W001	1.0333E-06	0.999582473	0.000416017	4.768E-07	2	2	sub11sub12sub13
C_370902N1203741W001	5.1E-09	0.823198047	0.176801766	1.821E-07	2	2	sub11sub12sub13
C_370907N1203285W001	2.1E-09	0.999977164	2.28322E-05	1.8E-09	2	2	sub11sub12sub13
C_370913N1201029W001	3E-10	1.66444E-05	0.999983355	9E-10	3	3	sub11sub12sub13
C_370913N1202924W001	0.000000001	0.998698091	0.001301899	0.000000009	2	2	sub11sub12sub13
C_370921N1205199W001	0.194468455	0.392572133	0.209792944	0.203166468	2	2	sub11sub12sub13
C_370955N1203524W001	0.07234433	0.578633099	0.040697066	0.308325505	2	2	sub11sub12sub13
C_370955N1204646W001	0.980938459	0.001514148	0.000237438	0.017309955	1	1	sub11sub12sub13
C_371021N1202049W001	7.081E-07	6.00657E-05	0.99993895	2.764E-07	3	3	sub11sub12sub13
C_371049N1201663W001	0.687578103	0.034720528	0.134016977	0.143684392	1	1	sub11sub12sub13
C_371116N1204374W001	0.005529525	0.895018388	0.098081222	0.001370866	2	2	sub11sub12sub13
C_371124N1203952W001	9.82E-08	0.966790889	0.03320875	0.000000263	2	2	sub11sub12sub13
C_371130N1204927W001	0.711447923	0.007162027	0.003002727	0.278387323	1	1	sub11sub12sub13
C_371130N1205654W001	0.985836763	0.000943016	0.006012567	0.007207654	1	1	sub11sub12sub13
C_371141N1205638W001	0.817551929	4.09634E-05	1.20999E-05	0.182395008	1	1	sub11sub12sub13
C_371160N1204568W001	1.31961E-05	0.999782703	0.000202633	1.4683E-06	2	2	sub11sub12sub13
C_371163N1204393W001	0.399948558	0.599969493	1.30223E-05	6.89275E-05	2	2	sub11sub12sub13
C_371202N1205127W001	0.998842741	0.000838953	3.8932E-06	0.000314413	1	1	sub11sub12sub13
C_371243N1203829W001	0.110657129	0.874865351	0.011541824	0.002935697	2	2	sub11sub12sub13
C_371271N1204807W001	0.996832347	0.003099181	6.629E-07	6.78095E-05	1	1	sub11sub12sub13
C_371341N1201577W001	4.47889E-05	0.000184621	0.999279725	0.000490865	3	3	sub11sub12sub13
C_371341N1202935W001	1.1E-09	4.32096E-05	0.999956779	1.07E-08	3	3	sub11sub12sub13
C_371352N1205471W001	0.995959424	0.001188774	0.000451321	0.002400481	1	1	sub11sub12sub13
C_371355N1205282W001	0.999982365	3.4317E-06	4.843E-07	1.37186E-05	1	1	sub11sub12sub13
C_371360N1205104W001	0.992289552	0.001221665	0.000489415	0.005999368	1	1	sub11sub12sub13
C_371416N1204607W001	0.999748499	0.000172265	4.3904E-06	7.48448E-05	1	1	sub11sub12sub13
C_371418N1202110W001	3E-10	7.39313E-05	0.999926065	3.4E-09	3	3	sub11sub12sub13
C_371418N1202338W001	4.476E-07	0.000298786	0.999697483	3.2838E-06	3	3	sub11sub12sub13
C_371427N1204043W001	0.003067531	0.65166721	0.328270997	0.016994263	2	2	sub11sub12sub13
C_371446N1203474W001	6.9E-09	0.989623159	0.010376809	2.56E-08	2	2	sub11sub12sub13
C_371485N1203916W001	0.855713593	0.134700106	0.005149883	0.004436418	1	1	sub11sub12sub13
C_371485N1206860W001	0.077218184	0.004051883	0.005053425	0.913676508	4	4	sub11sub12sub13
C_371488N1203921W001	0.987803049	0.005271525	0.001132287	0.00579314	1	1	sub11sub12sub13
C_371491N1201388W001	0.000686936	0.02569312	0.967638016	0.005981928	3	3	sub11sub12sub13
C_371491N1202474W001	0.000624842	0.032135634	0.964623369	0.002616155	3	3	sub11sub12sub13
C_371524N1202916W001	1.8483E-06	0.996118196	0.003879466	0.00000049	2	2	sub11sub12sub13
C_371560N1202063W001	8.785E-07	0.015268131	0.984727902	3.0881E-06	3	3	sub11sub12sub13
C_371560N1202338W001	4.9169E-06	0.001652044	0.998341324	1.7148E-06	3	3	sub11sub12sub13
C_371574N1204921W001	0.99992562	9.2692E-06	8.4062E-06	5.67051E-05	1	1	sub11sub12sub13
C_371574N1205371W001	0.999416362	2.07104E-05	8.02394E-05	0.000482689	1	1	sub11sub12sub13
C_371582N1206193W001	0.779484687	0.001067539	0.217551184	0.001896591	1	1	sub11sub12sub13
C_371596N1203382W001	1.2E-09	0.999389481	0.000610511	7.3E-09	2	2	sub11sub12sub13
C_371638N1203021W001	1.63E-08	0.924345061	0.075654861	6.18E-08	2	2	sub11sub12sub13
C_371707N1203832W001	0.098570021	0.894910365	0.003753102	0.002766513	2	2	sub11sub12sub13
C_371707N1203835W001	2.19926E-05	0.231271616	0.767374882	0.001331509	3	3	sub11sub12sub13
C_371707N1204135W001	0.000193321	0.009972417	0.989784443	4.98193E-05	3	3	sub11sub12sub13
C_371713N1203293W001	0.000299625	0.993089972	0.006548536	6.18668E-05	2	2	sub11sub12sub13
C_371730N1204654W001	0.997967978	0.001129169	3.31693E-05	0.000869684	1	1	sub11sub12sub13
C_371738N1204852W001	0.999498923	4.3101E-06	1.8658E-06	0.000494901	1	1	sub11sub12sub13
C_371746N1205216W001	0.983965764	0.008212981	0.001901012	0.005920243	1	1	sub11sub12sub13
C_371768N1206652W001	0.065943251	0.000171474	0.000091301	0.933793973	4	4	sub11sub12sub13
C_371830N1204904W001	0.998118072	6.76847E-05	0.000345824	0.00146842	1	1	sub11sub12sub13
C_371852N1203899W001	5.83E-08	0.609782743	0.3901238	9.33987E-05	2	2	sub11sub12sub13
C_371852N1203902W001	7.496E-07	0.917560106	0.082406728	3.24169E-05	2	2	sub11sub12sub13
C_371852N1203907W001	0.976073566	0.000443706	0.022073565	0.001409162	1	1	sub11sub12sub13
C_371855N1205829W001	0.99831168	1.36025E-05	3.813E-07	0.001674337	1	1	sub11sub12sub13
C_371860N1207002W001	0.013449563	0.003089981	0.001653894	0.981806563	4	4	sub11sub12sub13
C_371902N1204654W001	0.931094451	0.019306738	0.010880389	0.038718422	1	1	sub11sub12sub13
C_371905N1203166W001	1E-10	3.42896E-05	0.999965261	4.495E-07	3	3	sub11sub12sub13
C_371924N1207060W001	0.001379317	0.016105221	0.048600454	0.933915008	4	4	sub11sub12sub13
C_371935N1202799W001	1.1416E-06	0.000182509	0.999431673	0.000384677	3	3	sub11sub12sub13
C_371946N1204891W001	0.998847208	4.03754E-05	0.000763508	0.000348909	1	1	sub11sub12sub13
C_371971N1205813W001	0.999853405	1.78984E-05	3.31736E-05	9.55227E-05	1	1	sub11sub12sub13
C_372018N1203252W001	0.011684901	0.000946433	0.048418853	0.938949814	4	4	sub11sub12sub13
C_372063N1205796W001	0.992696516	0.00030979	2.37545E-05	0.006969939	1	1	sub11sub12sub13
C_372080N1203979W001	2.8402E-06	0.966111284	0.032257953	0.001627923	2	2	sub11sub12sub13
C_372102N1204752W001	0.597691531	0.043826456	0.003001823	0.35548019	1	1	sub11sub12sub13
C_372113N1204974W001	0.997625211	0.000165726	0.000287003	0.00192206	1	1	sub11sub12sub13
C_372146N1205427W001	0.978304606	7.3649E-06	2.2143E-06	0.021685815	1	1	sub11sub12sub13
C_372218N1203524W001	8E-10	0.101210696	0.898770462	0.000018841	3	3	sub11sub12sub13
C_372235N1205793W001	0.999951704	1.0666E-06	0.000002335	4.48949E-05	1	1	sub11sub12sub13
C_372235N1207796W001	0.99981432	2.77725E-05	6.815E-07	0.000157226	1	1	sub11sub12sub13
C_372282N1202663W001	2.07E-08	0.000616351	0.999383288	0.00000034	3	3	sub11sub12sub13
C_372282N1202796W001	0	1.2768E-06	0.999998715	8.4E-09	3	3	sub11sub12sub13
C_372293N1207027W001	0.62619336	0.153410137	0.002815586	0.217580916	1	1	sub11sub12sub13
C_372299N1203341W001	1.853E-07	0.808479399	0.191313139	0.000207277	2	2	sub11sub12sub13
C_372313N1203524W001	4.12361E-05	0.067139643	0.932529757	0.000289363	3	3	sub11sub12sub13
C_372327N1203163W001	3E-10	0.234788524	0.765210426	1.0494E-06	3	3	sub11sub12sub13
C_372335N1204007W001	5.567E-07	0.995123313	0.004859156	1.69748E-05	2	2	sub11sub12sub13
C_372360N1203913W001	1.7722E-06	0.988219042	0.01172566	5.35255E-05	2	2	sub11sub12sub13
C_372410N1203804W001	0.001573926	0.143474988	0.853395987	0.001555098	3	3	sub11sub12sub13
C_372427N1204029W001	7.4E-09	0.999860242	0.000138901	8.493E-07	2	2	sub11sub12sub13
C_372435N1203349W001	3.877E-07	0.955138033	0.044845033	1.65459E-05	2	2	sub11sub12sub13
C_372438N1205793W001	0.998922683	0.000198909	9.2196E-06	0.000869189	1	1	sub11sub12sub13
C_372438N1206335W001	0.403144276	0.007656948	0.000118747	0.589080029	4	4	sub11sub12sub13
C_372438N1206429W002	0.010067854	1.53467E-05	3.1346E-06	0.989913665	4	4	sub11sub12sub13
C_372449N1207793W002	0.354511714	0.038167254	0.067368881	0.53995215	4	4	sub11sub12sub13
C_372496N1203632W001	0	0	0	0	3	3	sub11sub12sub13
C_372518N1206157W001	0.644839937	0.33929901	0.001000674	0.01486038	1	1	sub11sub12sub13
C_372518N1206524W001	0.998105308	0.000444143	0.000017719	0.001432829	1	1	sub11sub12sub13
C_372546N1207202W001	0.991231581	5.0001E-06	2.5451E-06	0.008760874	1	1	sub11sub12sub13
C_372566N1203979W001	7.22054E-05	0.976283351	0.004881019	0.018763425	2	2	sub11sub12sub13
C_372582N1205452W001	0.966632912	0.000700773	0.00038813	0.032278186	1	1	sub11sub12sub13
C_372616N1204346W001	0.000220163	0.730407547	0.2588763	0.01049599	2	2	sub11sub12sub13
C_372618N1204793W001	0.668872894	0.06313957	0.030763934	0.237223602	1	1	sub11sub12sub13
C_372655N1205604W001	0.008296052	0.009090897	0.073747049	0.908866002	4	4	sub11sub12sub13
C_372699N1203974W001	0.00984734	0.985920558	0.000235218	0.003996885	2	2	sub11sub12sub13
C_372702N1206154W001	5.4329E-06	0.999840202	0.000116681	3.76843E-05	2	2	sub11sub12sub13
C_372721N1204529W001	0.000846344	0.931580987	0.002561362	0.065011307	2	2	sub11sub12sub13
C_372730N1204118W001	1.348E-07	0.999975202	1.77645E-05	6.8983E-06	2	2	sub11sub12sub13
C_372730N1206518W001	0.992682112	3.7021E-06	0.000002122	0.007312064	1	1	sub11sub12sub13
C_372771N1206954W001	3.09722E-05	0.001426389	0.000243326	0.998299313	4	4	sub11sub12sub13
C_372802N1204702W001	0.003734132	0.936122625	0.022186292	0.037956951	2	2	sub11sub12sub13
C_372805N1204835W001	0.032060188	0.314050373	0.006714002	0.647175437	4	4	sub11sub12sub13
C_372818N1207788W001	0.16124375	0.00020208	0.00025869	0.83829548	4	4	sub11sub12sub13
C_372857N1204029W001	1.8928E-06	0.999788607	0.000168265	4.12355E-05	2	2	sub11sub12sub13
C_372863N1203702W001	1.80895E-05	0.999962109	1.46108E-05	5.1904E-06	2	2	sub11sub12sub13
C_372910N1203518W001	2.8903E-06	0.999769426	0.000123802	0.000103882	2	2	sub11sub12sub13
C_372913N1204338W001	5.7E-09	0.009434193	0.990565635	1.668E-07	3	3	sub11sub12sub13
C_372960N1203499W001	0.001323712	0.000783832	4.63994E-05	0.997846057	4	4	sub11sub12sub13
C_372963N1203752W001	1.3053E-06	0.99904287	0.000498966	0.000456858	2	2	sub11sub12sub13
C_373007N1207677W001	0.058271413	0.014397649	0.023080889	0.90425005	4	4	sub11sub12sub13
C_373018N1206013W001	6.655E-07	0.999883173	6.15277E-05	5.46342E-05	2	2	sub11sub12sub13
C_373024N1206938W001	1.55055E-05	0.999952947	2.1067E-06	2.94411E-05	2	2	sub11sub12sub13
C_373024N1207854W001	0.594647078	8.9897E-06	9.1482E-06	0.405334784	1	1	sub11sub12sub13
C_373074N1208377W001	0.900945858	5.86347E-05	6.23457E-05	0.098933161	1	1	sub11sub12sub13
C_373074N1208377W002	0.987498795	3.82779E-05	5.75013E-05	0.012405426	1	1	sub11sub12sub13
C_373077N1205874W001	2.2344E-06	0.998631174	0.001144311	0.000222281	2	2	sub11sub12sub13
C_373082N1205966W001	8.93561E-05	0.995631748	0.004256395	0.000022501	2	2	sub11sub12sub13
C_373124N1203788W001	0.575157278	0.16037163	0.003656883	0.26081421	1	1	sub11sub12sub13
C_373132N1206741W001	0.000073379	0.994850406	0.004801419	0.000274795	2	2	sub11sub12sub13
C_373141N1206899W001	0.000476132	0.997800288	0.001480173	0.000243408	2	2	sub11sub12sub13
C_373166N1207221W001	1.3265E-06	0.998121404	0.001855995	2.12745E-05	2	2	sub11sub12sub13
C_373166N1207554W001	0.000285525	5.9758E-06	2.685E-07	0.999708231	4	4	sub11sub12sub13
C_373180N1203966W001	0.000367244	0.999462293	2.43123E-05	0.000146151	2	2	sub11sub12sub13
C_373199N1208660W001	0.919980165	0.001833006	0.000545536	0.077641293	1	1	sub11sub12sub13
C_373207N1205585W001	6.1E-09	0.989770327	0.010228839	8.286E-07	2	2	sub11sub12sub13
C_373221N1203671W001	0.000609687	0.997429839	0.000118635	0.001841839	2	2	sub11sub12sub13
C_373243N1205960W001	0	0.99999936	6.365E-07	3.6E-09	2	2	sub11sub12sub13
C_373243N1207285W001	0.532998729	0.213150418	0.009333281	0.244517572	1	1	sub11sub12sub13
C_373277N1204146W001	5.5E-09	0.999993456	6.4556E-06	8.25E-08	2	2	sub11sub12sub13
C_373296N1206238W001	1.2E-09	0.999962214	3.77616E-05	2.33E-08	2	2	sub11sub12sub13
C_373310N1206632W001	1.11E-08	0.999988558	1.13681E-05	6.29E-08	2	2	sub11sub12sub13
C_373310N1206868W001	9.7E-09	0.999999361	6.143E-07	1.48E-08	2	2	sub11sub12sub13
C_373310N1207046W001	1.61787E-05	0.999392994	7.3269E-06	0.000583501	2	2	sub11sub12sub13
C_373310N1207149W001	0.000206612	0.970746836	0.008015575	0.021030977	2	2	sub11sub12sub13
C_373313N1207246W001	0.000287791	0.994133032	0.000615364	0.004963813	2	2	sub11sub12sub13
C_373330N1206702W001	1.60162E-05	0.995191092	0.004710235	8.26572E-05	2	2	sub11sub12sub13
C_373341N1204371W001	0	0.999999324	6.758E-07	4E-10	2	2	sub11sub12sub13
C_373352N1207368W001	2.36389E-05	0.999725633	6.26456E-05	0.000188082	2	2	sub11sub12sub13
C_373355N1209160W001	0.853801514	0.084641149	0.008656123	0.052901214	1	1	sub11sub12sub13
C_373382N1206913W001	8.8E-09	0.999939279	6.06033E-05	1.088E-07	2	2	sub11sub12sub13
C_373385N1206304W001	1.4274E-06	0.905363475	0.09455733	7.77678E-05	2	2	sub11sub12sub13
C_373385N1207193W001	3.6619E-06	0.966517541	0.033212945	0.000265853	2	2	sub11sub12sub13
C_373388N1207004W001	5.76E-08	0.999403738	0.000595208	9.964E-07	2	2	sub11sub12sub13
C_373421N1206463W001	2.54907E-05	0.996706567	0.003157275	0.000110667	2	2	sub11sub12sub13
C_373421N1206643W001	0.029736157	0.012318116	0.007396545	0.950549182	4	4	sub11sub12sub13
C_373421N1206854W001	1.07E-08	0.999570008	0.000407367	2.26151E-05	2	2	sub11sub12sub13
C_373441N1207352W001	0	0.999999895	9.22E-08	1.24E-08	2	2	sub11sub12sub13
C_373449N1207466W001	0.000105518	0.997007863	0.002814876	7.17431E-05	2	2	sub11sub12sub13
C_373460N1207038W001	3E-10	0.999976062	2.38786E-05	5.95E-08	2	2	sub11sub12sub13
C_373466N1205499W001	6E-10	0.994186849	0.005813052	9.87E-08	2	2	sub11sub12sub13
C_373468N1208877W001	0.99978856	4.2131E-06	9.9896E-06	0.000197237	1	1	sub11sub12sub13
C_373474N1207602W001	0.000291464	0.99899623	0.000350604	0.000361701	2	2	sub11sub12sub13
C_373488N1205824W001	4.4E-09	0.999795691	0.000204099	2.053E-07	2	2	sub11sub12sub13
C_373493N1207777W001	0.000156734	0.999760626	3.3808E-06	7.92594E-05	2	2	sub11sub12sub13
C_373496N1206593W001	3.885E-07	0.998927574	0.001067243	4.7945E-06	2	2	sub11sub12sub13
C_373510N1205641W001	8.393E-07	0.994501963	0.005491364	5.8338E-06	2	2	sub11sub12sub13
C_373513N1207054W001	0	0.999998395	1.6037E-06	1.7E-09	2	2	sub11sub12sub13
C_373521N1207241W001	1.14E-08	0.145171687	0.854828015	2.867E-07	3	3	sub11sub12sub13
C_373532N1206888W001	4.3E-09	0.999958286	0.000041631	7.87E-08	2	2	sub11sub12sub13
C_373532N1208796W001	0.820841968	0.090500139	0.001270624	0.087387269	1	1	sub11sub12sub13
C_373546N1206824W001	0.000334382	0.996339728	0.002779694	0.000546196	2	2	sub11sub12sub13
C_373566N1206604W001	1.70588E-05	0.917131343	0.082787807	6.37919E-05	2	2	sub11sub12sub13
C_373602N1207263W001	4.22573E-05	0.978046396	0.021867347	4.40003E-05	2	2	sub11sub12sub13
C_373602N1207416W001	6.07E-08	0.999960388	3.86608E-05	8.901E-07	2	2	sub11sub12sub13
C_373605N1206504W001	3.114E-07	0.999606192	0.000391812	1.6842E-06	2	2	sub11sub12sub13
C_373605N1206591W001	6.218E-07	0.945627547	0.054363292	8.5399E-06	2	2	sub11sub12sub13
C_373621N1206888W001	2E-10	0.99999984	1.579E-07	2.2E-09	2	2	sub11sub12sub13
C_373652N1207499W001	0.000000012	0.99995953	4.03494E-05	1.089E-07	2	2	sub11sub12sub13
C_373663N1206813W001	1.31E-08	0.99998971	8.1489E-06	2.1283E-06	2	2	sub11sub12sub13
C_373671N1207879W001	1.717E-07	0.999988078	1.04952E-05	1.2549E-06	2	2	sub11sub12sub13
C_373702N1207552W001	0.002427127	0.977509702	0.01833017	0.001733001	2	2	sub11sub12sub13
C_373716N1207229W001	6E-10	0.999998284	1.6224E-06	9.27E-08	2	2	sub11sub12sub13
C_373721N1208143W001	0.002978999	0.001221649	0.000226182	0.995573171	4	4	sub11sub12sub13
C_373732N1206679W001	2.707E-07	0.999791785	0.000124862	8.30826E-05	2	2	sub11sub12sub13
C_373738N1206171W001	1.907E-07	0.962440199	0.03755361	0.000006	2	2	sub11sub12sub13
C_373752N1207668W001	4.2055E-06	0.836227863	0.163748474	1.94574E-05	2	2	sub11sub12sub13
C_373760N1206291W001	2.45E-08	0.981730526	0.018269122	3.283E-07	2	2	sub11sub12sub13
C_373805N1207477W001	0.000420598	0.989393398	0.002013078	0.008172926	2	2	sub11sub12sub13
C_373813N1207782W001	0.000556156	0.970787032	0.028133116	0.000523696	2	2	sub11sub12sub13
C_373821N1207552W001	0.000318339	0.996330384	0.002833441	0.000517836	2	2	sub11sub12sub13
C_373821N1208752W001	0.030952629	0.711902882	0.036521395	0.220623094	2	2	sub11sub12sub13
C_373849N1206816W001	2.42E-08	0.999905798	9.26773E-05	1.5002E-06	2	2	sub11sub12sub13
C_373857N1206546W001	0.014615391	0.300209216	0.57038314	0.114792253	3	3	sub11sub12sub13
C_373888N1206393W001	2.66044E-05	0.940839028	0.057878385	0.001255983	2	2	sub11sub12sub13
C_373888N1207046W001	0.000064148	0.992473807	0.007421771	0.000040274	2	2	sub11sub12sub13
C_373899N1204596W001	7.68E-08	0.001423929	0.998573114	2.8812E-06	3	3	sub11sub12sub13
C_373902N1209002W001	0.315499617	0.442310633	0.172029635	0.070160115	2	2	sub11sub12sub13
C_373905N1208866W001	0.311308401	0.260402727	0.35613876	0.072150112	3	3	sub11sub12sub13
C_373907N1208835W001	0.944066839	0.002805464	0.017106002	0.036021695	1	1	sub11sub12sub13
C_373968N1208271W001	0.39676165	0.000933507	0.002050002	0.600254841	4	4	sub11sub12sub13
C_373988N1207068W001	2.87752E-05	0.999054084	0.000903279	1.38624E-05	2	2	sub11sub12sub13
C_374018N1205824W001	5.3585E-06	0.321184272	0.678747856	6.25141E-05	3	3	sub11sub12sub13
C_374046N1208632W001	0.263416089	0.000648279	0.000162667	0.735772965	4	4	sub11sub12sub13
C_374055N1207949W001	0.940291301	0.000215169	2.85553E-05	0.059464975	1	1	sub11sub12sub13
C_374063N1208568W001	0.026579694	0.000251203	7.07409E-05	0.973098362	4	4	sub11sub12sub13
C_374088N1208843W001	0.017055147	0.008194346	0.923026675	0.051723833	3	3	sub11sub12sub13
C_374116N1208318W001	0.653516936	0.001016369	0.001768882	0.343697814	1	1	sub11sub12sub13
C_374118N1208996W001	0.000329911	0.000552623	0.224837643	0.774279823	4	4	sub11sub12sub13
C_374130N1209224W001	0.138517025	0.015523298	0.08251256	0.763447117	4	4	sub11sub12sub13
C_374157N1208129W001	0.993271901	0.000220218	0.00107519	0.005432691	1	1	sub11sub12sub13
C_374188N1208879W001	0.110904424	0.009887818	0.004512432	0.874695326	4	4	sub11sub12sub13
C_374274N1208499W001	0.723381326	0.009062461	0.01039216	0.257164053	1	1	sub11sub12sub13
C_374332N1208743W001	0.019903225	0.000560603	0.000248418	0.979287754	4	4	sub11sub12sub13
C_374335N1207479W001	0.442698731	0.062744157	0.001536551	0.493020562	4	4	sub11sub12sub13
C_374371N1209310W001	0.762156159	0.022025772	0.04371991	0.172098158	1	1	sub11sub12sub13
C_374377N1209427W001	0.972678947	0.004086986	0.003108386	0.020125682	1	1	sub11sub12sub13
C_374382N1205621W001	0.000231558	0.169885955	0.829677671	0.000204816	3	3	sub11sub12sub13
C_374418N1209510W001	0.203966684	0.399357687	0.170778053	0.225897576	2	2	sub11sub12sub13
C_374449N1207716W001	2.50205E-05	0.000359594	0.833515075	0.166100311	3	3	sub11sub12sub13
C_374463N1207891W001	0.939841381	0.002109135	0.046130569	0.011918914	1	1	sub11sub12sub13
C_374485N1208857W001	0.602337183	0.00304746	0.005258239	0.389357118	1	1	sub11sub12sub13
C_374493N1206671W001	3.88E-08	0.001926456	0.997983447	9.00582E-05	3	3	sub11sub12sub13
C_374493N1206760W001	0.000114038	0.34103296	0.581708509	0.077144493	3	3	sub11sub12sub13
C_374493N1208354W001	0.889872394	0.020536565	0.016532611	0.07305843	1	1	sub11sub12sub13
C_374493N1209443W001	0.908808096	0.004596411	0.011003526	0.075591967	1	1	sub11sub12sub13
C_374507N1207741W001	0.083801442	0.000829391	7.52339E-05	0.915293933	4	4	sub11sub12sub13
C_374513N1206504W001	6.4022E-06	0.011128321	0.988746194	0.000119082	3	3	sub11sub12sub13
C_374571N1208768W001	0.481542891	0.001105753	0.000961014	0.516390342	4	4	sub11sub12sub13
C_374582N1206907W001	0.000314541	0.047640849	0.171513553	0.780531057	4	4	sub11sub12sub13
C_374585N1209766W001	0.842550416	0.019345321	0.015201806	0.122902457	1	1	sub11sub12sub13
C_374591N1206338W001	1E-10	6.4297E-06	0.999993555	0.000000015	3	3	sub11sub12sub13
C_374624N1206282W001	7E-10	0.844503449	0.155496103	4.476E-07	2	2	sub11sub12sub13
C_374680N1208491W001	0.4414059	0.025719222	0.010238722	0.522636156	4	4	sub11sub12sub13
C_374699N1207441W001	0.414356574	0.001262932	0.000484336	0.583896158	4	4	sub11sub12sub13
C_374707N1207991W001	0.992983835	2.97994E-05	3.24769E-05	0.006953889	1	1	sub11sub12sub13
C_374713N1208674W001	0.000709171	4.18742E-05	0.000501384	0.998747571	4	4	sub11sub12sub13
C_374718N1209129W001	0.6809591	0.007841657	0.004375657	0.306823585	1	1	sub11sub12sub13
C_374743N1209593W001	0.16256751	0.034542387	0.01593737	0.786952733	4	4	sub11sub12sub13
C_374743N1209763W001	0.924555673	0.001668428	0.001583926	0.072191974	1	1	sub11sub12sub13
C_374746N1209352W001	0.918595488	0.030047504	0.002786498	0.048570511	1	1	sub11sub12sub13
C_374760N1207035W001	0.003290682	0.068392141	0.918408276	0.009908901	3	3	sub11sub12sub13
C_374760N1209304W001	0.191672644	0.07340424	0.020923042	0.714000075	4	4	sub11sub12sub13
C_374768N1208582W001	0.747813805	0.012197442	0.033482387	0.206506367	1	1	sub11sub12sub13
C_374774N1206254W001	4.8204E-06	0.102220003	0.897760306	1.48703E-05	3	3	sub11sub12sub13
C_374780N1208879W001	0.098725216	0.003299802	0.003308042	0.894666941	4	4	sub11sub12sub13
C_374782N1207971W001	0.000687455	0.000037206	0.000435931	0.998839409	4	4	sub11sub12sub13
C_374782N1209757W001	0.185073922	0.001253572	0.000259757	0.813412748	4	4	sub11sub12sub13
C_374802N1206574W001	3.6E-09	0.000194774	0.999805122	1.001E-07	3	3	sub11sub12sub13
C_374805N1206307W001	0.004677937	0.021482808	0.544123885	0.42971537	3	3	sub11sub12sub13
C_374813N1208760W001	7.57483E-05	2.88295E-05	0.001159309	0.998736114	4	4	sub11sub12sub13
C_374818N1209227W001	0.106899895	0.382789478	0.008700541	0.501610086	4	4	sub11sub12sub13
C_374852N1206310W001	6.65E-08	7.23813E-05	0.999926939	6.133E-07	3	3	sub11sub12sub13
C_374891N1209810W001	0.603241142	0.000619015	0.000172926	0.395966918	1	1	sub11sub12sub13
C_374905N1208257W001	0.971008439	0.004495269	0.002708739	0.021787553	1	1	sub11sub12sub13
C_374921N1207468W001	3.1E-09	0.000181224	0.999818634	1.387E-07	3	3	sub11sub12sub13
C_374924N1209507W001	0.990421741	3.01424E-05	0.000031983	0.009516134	1	1	sub11sub12sub13
C_374941N1206507W001	0.001463991	0.042542721	0.954066354	0.001926933	3	3	sub11sub12sub13
C_374955N1206271W001	0.000989989	0.022779121	0.963813678	0.012417212	3	3	sub11sub12sub13
C_374963N1206974W001	0.000154656	0.95106439	0.048453872	0.000327083	2	2	sub11sub12sub13
C_374963N1207088W001	0.003454492	0.790815593	0.201058303	0.004671612	2	2	sub11sub12sub13
C_374963N1210032W001	0.016237861	0.000201787	0.000201766	0.983358586	4	4	sub11sub12sub13
C_374966N1207577W001	0.000426519	0.008624146	0.473011915	0.51793742	4	4	sub11sub12sub13
C_374996N1209449W001	0.994021983	0.000112128	3.08276E-05	0.005835062	1	1	sub11sub12sub13
C_374996N1209746W001	0.113927872	0.008839104	0.018711815	0.858521209	4	4	sub11sub12sub13
C_374999N1209032W001	0.019848019	0.000151395	0.000142135	0.979858451	4	4	sub11sub12sub13
C_375002N1209852W001	0.006958821	1.47532E-05	1.39824E-05	0.993012443	4	4	sub11sub12sub13
C_375021N1209377W001	0.00071313	0.000015348	4.86752E-05	0.999222847	4	4	sub11sub12sub13
C_375043N1206985W001	4.6326E-06	1.93946E-05	0.999534207	0.000441766	3	3	sub11sub12sub13
C_375046N1207071W001	1.6672E-06	0.000028393	0.999768525	0.000201415	3	3	sub11sub12sub13
C_375052N1209238W001	0.958178988	1.49764E-05	0.000012024	0.041794011	1	1	sub11sub12sub13
C_375071N1208991W001	0.101431523	0.000114595	6.75869E-05	0.898386296	4	4	sub11sub12sub13
C_375074N1208054W001	0.024894451	0.000317199	0.000326095	0.974462255	4	4	sub11sub12sub13
C_375082N1207038W001	9.35736E-05	0.544721906	0.452300392	0.002884129	2	2	sub11sub12sub13
C_375096N1206804W001	1.2028E-06	1.57701E-05	0.99985681	0.000126217	3	3	sub11sub12sub13
C_375096N1206857W001	8.50845E-05	4.38762E-05	0.999795786	7.52529E-05	3	3	sub11sub12sub13
C_375102N1207577W001	5.4486E-06	0.003406092	0.996443637	0.000144823	3	3	sub11sub12sub13
C_375138N1206171W001	1.51E-08	0.034639403	0.965360272	3.105E-07	3	3	sub11sub12sub13
C_375168N1206877W001	8.6499E-06	1.02861E-05	0.99983208	0.000148984	3	3	sub11sub12sub13
C_375174N1206971W001	0	5.727E-07	0.999999427	1E-10	3	3	sub11sub12sub13
C_375174N1207057W001	1.3E-09	0.003322641	0.996677281	7.59E-08	3	3	sub11sub12sub13
C_375218N1208027W001	0.00917125	0.007402444	0.007501822	0.975924484	4	4	sub11sub12sub13
C_375218N1209804W001	0.011968294	1.95256E-05	2.00238E-05	0.987992157	4	4	sub11sub12sub13
C_375224N1210196W001	0.941079326	0.00021096	0.0001593	0.058550414	1	1	sub11sub12sub13
C_375227N1210327W001	0.174073803	6.99215E-05	0.000042037	0.825814239	4	4	sub11sub12sub13
C_375241N1210513W001	0.664395968	0.001522914	0.001989125	0.332091994	1	1	sub11sub12sub13
C_375246N1206074W001	1.5192E-06	0.000280327	0.999688451	2.97032E-05	3	3	sub11sub12sub13
C_375249N1205974W001	2.7E-09	0.005662746	0.994337233	1.93E-08	3	3	sub11sub12sub13
C_375252N1209277W001	0.000733627	4.71375E-05	8.46604E-05	0.999134575	4	4	sub11sub12sub13
C_375280N1209035W001	0.106758851	1.54037E-05	5.9273E-06	0.893219818	4	4	sub11sub12sub13
C_375285N1206174W001	5.535E-07	0.0018542	0.997603155	0.000542091	3	3	sub11sub12sub13
C_375366N1209852W001	0.017449244	0.00000048	5.784E-07	0.982549698	4	4	sub11sub12sub13
C_375382N1208993W001	2.04771E-05	6.67E-08	1.319E-07	0.999979324	4	4	sub11sub12sub13
C_375388N1207552W001	3.1464E-06	0.038027304	0.884399707	0.077569843	3	3	sub11sub12sub13
C_375427N1210485W001	0.425355393	0.000378953	0.000544952	0.573720702	4	4	sub11sub12sub13
C_375430N1209941W001	0.806295101	0.024553716	0.012150254	0.157000929	1	1	sub11sub12sub13
C_375438N1207941W001	0.000286477	0.004754992	0.984761652	0.01019688	3	3	sub11sub12sub13
C_375477N1209932W001	0.553971854	2.87219E-05	3.07927E-05	0.445968631	1	1	sub11sub12sub13
C_375480N1209085W001	3.08757E-05	5.55E-08	2.39E-08	0.999969045	4	4	sub11sub12sub13
C_375480N1209379W001	0.039213732	7.38125E-05	3.52523E-05	0.960677203	4	4	sub11sub12sub13
C_375493N1207213W001	1.5228E-06	0.017282866	0.968583195	0.014132416	3	3	sub11sub12sub13
C_375513N1210224W001	0.146176645	1.75189E-05	1.33883E-05	0.853792448	4	4	sub11sub12sub13
C_375513N1210393W001	0.052462441	4.44979E-05	3.26946E-05	0.947460366	4	4	sub11sub12sub13
C_375543N1206888W001	7.97312E-05	0.000882888	0.997953256	0.001084125	3	3	sub11sub12sub13
C_375574N1207560W001	0.624749983	0.045922378	0.114386948	0.21494069	1	1	sub11sub12sub13
C_375574N1209777W001	0.000251786	2.15E-08	2.09E-08	0.999748172	4	4	sub11sub12sub13
C_375588N1210113W001	0.021771578	4.1593E-06	3.2761E-06	0.978220987	4	4	sub11sub12sub13
C_375605N1209571W001	0.009615541	1.1316E-06	5.557E-07	0.990382771	4	4	sub11sub12sub13
C_375638N1208921W001	0.009240844	2.02556E-05	2.0965E-06	0.990736804	4	4	sub11sub12sub13
C_375657N1206304W001	0.026168625	0.519686037	0.418379535	0.035765802	2	2	sub11sub12sub13
C_375660N1210668W001	0.781010326	2.3146E-06	7.524E-07	0.218986607	1	1	sub11sub12sub13
C_375663N1208679W001	5.60798E-05	5.0343E-06	9.3721E-06	0.999929514	4	4	sub11sub12sub13
C_375674N1206613W001	0.001951657	0.00225864	0.987612114	0.00817759	3	3	sub11sub12sub13
C_375674N1207066W001	7E-10	0.005653747	0.994340878	5.3744E-06	3	3	sub11sub12sub13
C_375677N1206613W001	0	1.53E-08	0.999999979	5.9E-09	3	3	sub11sub12sub13
C_375677N1206982W001	1.11E-08	0.002749083	0.997250559	3.475E-07	3	3	sub11sub12sub13
C_375693N1209663W001	0.000431989	9.3E-09	3.2E-09	0.999567998	4	4	sub11sub12sub13
C_375713N1209752W001	8.4346E-06	1.98749E-05	5.23425E-05	0.999919348	4	4	sub11sub12sub13
C_375746N1208835W001	4.49755E-05	0.00044685	0.028028971	0.971479204	4	4	sub11sub12sub13
C_375774N1207702W001	0.000400599	9.14552E-05	8.407E-07	0.999507105	4	4	sub11sub12sub13
C_375796N1208196W001	0.752546406	0.026834692	0.00168885	0.218930053	1	1	sub11sub12sub13
C_375796N1210124W001	0.108108994	5.87369E-05	7.33757E-05	0.891758894	4	4	sub11sub12sub13
C_375824N1207293W001	0.000653577	0.635820112	0.361064895	0.002461417	2	2	sub11sub12sub13
C_375852N1207371W001	0.061483376	0.071264932	0.121564411	0.745687281	4	4	sub11sub12sub13
C_375860N1209027W001	0.505399406	0.340009973	0.001882332	0.152708289	1	1	sub11sub12sub13
C_375893N1206618W001	0	0	0	0	3	3	sub11sub12sub13
C_375896N1206704W001	1E-10	3.1438E-06	0.999996854	2.3E-09	3	3	sub11sub12sub13
C_375910N1206804W001	4E-10	0.000606609	0.99939318	2.105E-07	3	3	sub11sub12sub13
C_375921N1206954W001	0	0.000001118	0.99999887	1.19E-08	3	3	sub11sub12sub13
C_375943N1207741W001	1.74474E-05	0.072280611	0.060575086	0.867126856	4	4	sub11sub12sub13
C_375985N1209841W001	0.999639459	1.5426E-06	4.047E-07	0.000358593	1	1	sub11sub12sub13
C_376013N1206863W001	9E-10	0.000024079	0.999975874	4.63E-08	3	3	sub11sub12sub13
C_376018N1207196W001	9.8E-09	7.1355E-06	0.999886406	0.000106449	3	3	sub11sub12sub13
C_376021N1206696W001	4E-10	3.33E-08	0.999999943	2.31E-08	3	3	sub11sub12sub13
C_376038N1208854W001	0.997917668	1.51765E-05	1.5285E-06	0.002065627	1	1	sub11sub12sub13
C_376041N1206807W001	2E-10	0.000426493	0.99957345	0.000000057	3	3	sub11sub12sub13
C_376066N1208141W001	0.005689608	0.002145687	0.000120061	0.992044644	4	4	sub11sub12sub13
C_376074N1206943W001	0.000000761	0.000199115	0.999799048	1.0759E-06	3	3	sub11sub12sub13
C_376127N1208427W001	0.968297695	0.002910537	0.00014585	0.028645919	1	1	sub11sub12sub13
C_376130N1211307W001	0.982040078	0.002059449	0.000812291	0.015088182	1	1	sub11sub12sub13
C_376141N1210577W001	0.97815234	0.000232073	3.22568E-05	0.021583331	1	1	sub11sub12sub13
C_376180N1206343W001	4E-10	2.308E-07	0.99999973	3.88E-08	3	3	sub11sub12sub13
C_376180N1210941W001	0.882913881	0.000536848	3.91254E-05	0.116510146	1	1	sub11sub12sub13
C_376185N1206879W001	9.1E-09	1.61308E-05	0.999983185	6.748E-07	3	3	sub11sub12sub13
C_376185N1206991W001	8.351E-07	0.000368505	0.999629975	6.855E-07	3	3	sub11sub12sub13
C_376185N1207416W001	0.00164114	0.2230851	0.201018071	0.574255689	4	4	sub11sub12sub13
C_376191N1210499W001	0.990062717	0.000465972	0.000212197	0.009259114	1	1	sub11sub12sub13
C_376210N1206410W001	1.8894E-06	0.000117813	0.999800255	8.00426E-05	3	3	sub11sub12sub13
C_376302N1206552W001	1.9E-09	3.38554E-05	0.999963555	2.5873E-06	3	3	sub11sub12sub13
C_376302N1207988W001	0.999595565	0.000234356	3.2762E-06	0.000166803	1	1	sub11sub12sub13
C_376324N1208891W001	0.001886172	0.000321418	5.93472E-05	0.997733063	4	4	sub11sub12sub13
C_376368N1208638W001	0.996825609	3.02162E-05	3.62354E-05	0.003107939	1	1	sub11sub12sub13
C_376377N1211496W001	0.571865533	0.014981086	0.008419458	0.404733923	1	1	sub11sub12sub13
C_376416N1207760W001	3.896E-07	0.000196853	0.002077621	0.997725136	4	4	sub11sub12sub13
C_376427N1211085W001	0.864900876	0.000539068	0.000706438	0.133853618	1	1	sub11sub12sub13
C_376455N1208013W001	9.69E-08	7.11809E-05	9.62844E-05	0.999832438	4	4	sub11sub12sub13
C_376474N1208468W001	0.956278092	3.45656E-05	8.2145E-06	0.043679128	1	1	sub11sub12sub13
C_376485N1207360W001	0	8.6E-09	7.59E-08	0.999999916	4	4	sub11sub12sub13
C_376507N1208474W001	4.8813E-06	0.000208041	0.021930746	0.977856332	4	4	sub11sub12sub13
C_376532N1208871W001	0.979092673	0.005995857	0.000150674	0.014760797	1	1	sub11sub12sub13
C_376535N1211285W001	0.052071343	0.101014216	0.84234844	0.004566001	3	3	sub11sub12sub13
C_376543N1210946W001	0.728255895	0.000901517	0.000319279	0.270523309	1	1	sub11sub12sub13
C_376552N1210721W001	0.998474728	0.000001203	5.192E-07	0.00152355	1	1	sub11sub12sub13
C_376596N1206896W001	8.12E-08	1.49173E-05	0.064966105	0.935018896	4	4	sub11sub12sub13
C_376596N1211549W001	0.060622515	0.005115855	0.061190286	0.873071344	4	4	sub11sub12sub13
C_376607N1208563W001	0.877643824	0.011424979	0.018172336	0.092758861	1	1	sub11sub12sub13
C_376635N1208982W001	0.860603757	0.004438059	0.001075153	0.133883031	1	1	sub11sub12sub13
C_376641N1210443W001	0.999985696	0.000000154	5.578E-07	1.35919E-05	1	1	sub11sub12sub13
C_376668N1208043W001	0.000004135	0.001073751	0.148399912	0.850522203	4	4	sub11sub12sub13
C_376674N1209121W001	0.314471309	0.253267759	0.002894274	0.429366659	4	4	sub11sub12sub13
C_376680N1211049W001	0.946101577	3.31571E-05	0.000078761	0.053786505	1	1	sub11sub12sub13
C_376702N1208521W001	6.65348E-05	0.029080711	0.081008085	0.889844669	4	4	sub11sub12sub13
C_376735N1208752W001	0.00327645	0.011341166	0.042900225	0.942482159	4	4	sub11sub12sub13
C_376738N1211435W001	0.347811268	0.032192325	0.030946084	0.589050323	4	4	sub11sub12sub13
C_376743N1208913W001	3.0551E-06	7.174E-07	2.06E-08	0.999996207	4	4	sub11sub12sub13
C_376757N1210999W001	0.007203354	5.5884E-06	9.4098E-06	0.992781648	4	4	sub11sub12sub13
C_376777N1211363W001	0.176017801	0.043426979	0.064964267	0.715590954	4	4	sub11sub12sub13
C_376782N1210541W001	0.999784562	4.9939E-06	0.000180336	0.000030109	1	1	sub11sub12sub13
C_376816N1208088W001	5.4922E-06	8.33719E-05	0.034872103	0.965039034	4	4	sub11sub12sub13
C_376816N1208254W001	2.3687E-06	0.045154379	0.5437862	0.411057053	3	3	sub11sub12sub13
C_376816N1208493W001	0.005872676	0.150398106	0.178461808	0.66526741	4	4	sub11sub12sub13
C_376818N1208338W001	2E-10	2.2E-09	0	0.999999998	4	4	sub11sub12sub13
C_376818N1208691W001	0.146380841	0.00105203	0.000235595	0.852331534	4	4	sub11sub12sub13
C_376841N1210699W001	0.999849347	5.496E-07	4.468E-07	0.000149656	1	1	sub11sub12sub13
C_376852N1210974W001	0.993801211	0.000144218	0.00501509	0.001039482	1	1	sub11sub12sub13
C_376866N1208224W001	9.5726E-06	0.000399246	0.001509166	0.998082016	4	4	sub11sub12sub13
C_376935N1209027W001	5.5281E-06	1.00047E-05	1.563E-07	0.999984311	4	4	sub11sub12sub13
C_376943N1210954W001	0.999721016	5.656E-07	1.1953E-06	0.000277223	1	1	sub11sub12sub13
C_376946N1211227W001	0.838077643	0.01939919	0.001078454	0.141444714	1	1	sub11sub12sub13
C_376957N1208049W001	0.011115223	0.171622758	0.001478636	0.815783383	4	4	sub11sub12sub13
C_376992N1212403W001	0.128032123	0.36036647	0.30639316	0.205208248	2	2	sub11sub12sub13
C_377007N1208946W001	0.000116989	0.000818096	8.0793E-06	0.999056836	4	4	sub11sub12sub13
C_377032N1208127W001	0.001119118	0.077335776	0.013558054	0.907987053	4	4	sub11sub12sub13
C_377032N1210652W001	0.998674334	7.152E-07	5.748E-07	0.001324376	1	1	sub11sub12sub13
C_377035N1211035W001	0.001591091	5.8528E-06	0.000004111	0.998398945	4	4	sub11sub12sub13
C_377049N1209110W001	1.039E-07	2.866E-07	2.19E-08	0.999999588	4	4	sub11sub12sub13
C_377082N1209741W001	0.804330018	5.49351E-05	6.1729E-06	0.195608874	1	1	sub11sub12sub13
C_377105N1208688W001	0.011147145	0.078130614	0.001137434	0.909584807	4	4	sub11sub12sub13
C_377105N1209118W001	0.001268625	0.98977909	0.002159455	0.00679283	2	2	sub11sub12sub13
C_377107N1208054W001	2.42098E-05	0.000760935	0.000941844	0.998273011	4	4	sub11sub12sub13
C_377113N1206766W001	4.32234E-05	0.000247748	0.004416931	0.995292098	4	4	sub11sub12sub13
C_377118N1208071W001	0.001075404	0.047850683	0.024512958	0.926560955	4	4	sub11sub12sub13
C_377127N1209374W001	2.5796E-06	2.31782E-05	0.000000499	0.999973743	4	4	sub11sub12sub13
C_377177N1208452W001	9.4377E-06	0.000151112	0.000843687	0.998995764	4	4	sub11sub12sub13
C_377188N1207754W001	0.000477717	0.051211689	0.861850982	0.086459613	3	3	sub11sub12sub13
C_377202N1210988W001	0.907269483	5.89697E-05	5.4895E-06	0.092666058	1	1	sub11sub12sub13
C_377252N1208163W001	0.719621235	0.137293629	0.046349059	0.096736077	1	1	sub11sub12sub13
C_377271N1208446W001	8.0598E-06	0.00044107	1.69732E-05	0.999533897	4	4	sub11sub12sub13
C_377271N1210868W001	0.964845736	0.000159782	3.1468E-06	0.034991335	1	1	sub11sub12sub13
C_377280N1210413W001	0.866326892	2.11626E-05	5.349E-07	0.13365141	1	1	sub11sub12sub13
C_377307N1207916W001	9.652E-07	0.002927846	0.005270833	0.991800355	4	4	sub11sub12sub13
C_377323N1212528W001	0.001217345	0.001207947	0.02661579	0.970958918	4	4	sub11sub12sub13
C_377324N1208154W001	2.917E-07	0.000117566	4.67653E-05	0.999835377	4	4	sub11sub12sub13
C_377330N1207574W001	2.8923E-06	0.000150946	0.99951885	0.000327311	3	3	sub11sub12sub13
C_377332N1208818W001	0.009129228	0.10998936	0.019277814	0.861603599	4	4	sub11sub12sub13
C_377355N1208516W001	9.07582E-05	0.000649427	0.008078127	0.991181688	4	4	sub11sub12sub13
C_377363N1211654W001	0.015623169	0.032072738	0.154797508	0.797506585	4	4	sub11sub12sub13
C_377396N1208052W001	0.006750668	0.092879757	0.074422121	0.825947454	4	4	sub11sub12sub13
C_377396N1208929W001	0.006534298	0.009189279	0.031884542	0.952391881	4	4	sub11sub12sub13
C_377398N1211434W001	0.045272143	0.414986328	0.087243576	0.452497952	4	4	sub11sub12sub13
C_377406N1212160W001	0.529616045	0.004145123	0.001198778	0.465040055	1	1	sub11sub12sub13
C_377407N1207885W001	0.007558979	0.220013436	0.462626353	0.309801232	3	3	sub11sub12sub13
C_377413N1208316W001	0.909413116	0.004175407	0.068752257	0.01765922	1	1	sub11sub12sub13
C_377417N1211929W001	0.310091824	0.007015049	0.013983796	0.668909331	4	4	sub11sub12sub13
C_377430N1207746W001	0.009824815	0.008986705	0.84132743	0.139861051	3	3	sub11sub12sub13
C_377438N1208143W001	0.000129875	0.095030852	0.872101279	0.032737995	3	3	sub11sub12sub13
C_377521N1208518W001	0.000936906	0.249305801	0.17941419	0.570343103	4	4	sub11sub12sub13
C_377548N1210219W001	0.015596416	0.009841944	0.001287104	0.973274536	4	4	sub11sub12sub13
C_377652N1210690W001	0.025741996	0.00311403	0.000224213	0.970919761	4	4	sub11sub12sub13
C_377699N1212386W001	0.076026936	0.03598248	0.121560376	0.766430207	4	4	sub11sub12sub13
C_377701N1209257W001	0.000381341	0.237302171	0.002483536	0.759832952	4	4	sub11sub12sub13
C_377702N1211438W001	6.004E-07	0.172552611	0.737086799	0.09035999	3	3	sub11sub12sub13
C_377705N1211437W001	3.76719E-05	0.043904113	0.644587505	0.31147071	3	3	sub11sub12sub13
C_377706N1211266W001	0.001431174	0.005056981	0.734118074	0.259393771	3	3	sub11sub12sub13
C_377708N1211790W001	0.34599683	0.003703715	0.004046068	0.646253387	4	4	sub11sub12sub13
C_377736N1210885W001	2.69226E-05	0.323374058	0.433622349	0.24297667	3	3	sub11sub12sub13
C_377744N1209464W001	5.16E-08	0.974279288	0.025451593	0.000269068	2	2	sub11sub12sub13
C_377785N1208902W001	0.002887638	0.015655353	0.002164603	0.979292406	4	4	sub11sub12sub13
C_377796N1211883W001	0.103945822	0.00071009	4.15232E-05	0.895302565	4	4	sub11sub12sub13
C_377810N1210512W001	0.538264406	0.244432376	0.01538661	0.201916609	1	1	sub11sub12sub13
C_377810N1211142W001	0.000465095	0.003229374	0.020527861	0.97577767	4	4	sub11sub12sub13
C_377813N1212515W001	0.000871302	0.000799514	0.995337692	0.002991493	3	3	sub11sub12sub13
C_377819N1210309W001	0.000282241	0.998251467	0.000976307	0.000489986	2	2	sub11sub12sub13
C_377902N1209687W001	0.005534722	0.881759362	0.070775088	0.041930829	2	2	sub11sub12sub13
C_377902N1211317W001	0.001018531	0.001638382	0.000415461	0.996927627	4	4	sub11sub12sub13
C_377916N1208302W001	0.391407261	0.062168441	0.31661861	0.229805688	1	1	sub11sub12sub13
C_377949N1208407W001	0.001796383	0.639458757	0.036746566	0.321998294	2	2	sub11sub12sub13
C_377985N1208524W001	2.0079E-06	1.26264E-05	1.4204E-06	0.999983945	4	4	sub11sub12sub13
C_377992N1209892W001	0.958809716	0.027385954	0.005344309	0.008460021	1	1	sub11sub12sub13
C_377994N1210530W001	0.999229219	2.55903E-05	1.1732E-06	0.000744017	1	1	sub11sub12sub13
C_378034N1209801W001	0.001884248	0.104412509	0.003408995	0.890294249	4	4	sub11sub12sub13
C_378071N1211991W001	0.951511058	0.017132899	0.000570429	0.030785615	1	1	sub11sub12sub13
C_378102N1211618W001	0.119246024	0.302233462	0.001510179	0.577010335	4	4	sub11sub12sub13
C_378116N1209613W001	0.740301859	0.007822991	0.006135488	0.245739662	1	1	sub11sub12sub13
C_378125N1211443W001	0.213469868	0.033662716	0.000267596	0.752599821	4	4	sub11sub12sub13
C_378126N1212368W001	0.993005315	0.001977523	0.000161863	0.004855299	1	1	sub11sub12sub13
C_378138N1208591W001	3.73533E-05	0.001337805	0.000604339	0.998020502	4	4	sub11sub12sub13
C_378150N1210413W001	0.999365457	1.38894E-05	2.4141E-06	0.00061824	1	1	sub11sub12sub13
C_378163N1208321W001	0.043910796	0.052454756	0.842122852	0.061511595	3	3	sub11sub12sub13
C_378177N1212791W001	0.904737241	0.038708306	0.012000273	0.04455418	1	1	sub11sub12sub13
C_378181N1209966W001	0.956335301	0.023173081	0.001373624	0.019117994	1	1	sub11sub12sub13
C_378189N1210150W001	0.908303761	0.001618705	0.000659327	0.089418208	1	1	sub11sub12sub13
C_378191N1211861W001	0.634154365	0.001447817	0.000460108	0.363937711	1	1	sub11sub12sub13
C_378284N1209384W001	0.310536581	0.034430531	0.003853153	0.651179735	4	4	sub11sub12sub13
C_378312N1209797W001	0.973494301	0.006040419	0.001560585	0.018904695	1	1	sub11sub12sub13
C_378316N1208621W001	0.424632851	0.030357557	0.448113213	0.096896379	3	3	sub11sub12sub13
C_378316N1209797W001	0.966247028	4.14954E-05	0.000009843	0.033701634	1	1	sub11sub12sub13
C_378344N1212064W001	0.972302414	0.005507706	5.89355E-05	0.022130945	1	1	sub11sub12sub13
C_378388N1208966W001	0.002421538	0.070010401	0.292801547	0.634766514	4	4	sub11sub12sub13
C_378402N1208710W001	0.000971466	0.005274123	0.991553425	0.002200986	3	3	sub11sub12sub13
C_378410N1212865W001	0.997801963	0.000311775	0.000108318	0.001777945	1	1	sub11sub12sub13
C_378427N1209705W001	0.992476387	2.4293E-06	3.638E-07	0.00752082	1	1	sub11sub12sub13
C_378437N1212360W001	0.975190871	0.005365466	0.000074005	0.019369658	1	1	sub11sub12sub13
C_378441N1209799W001	0.996243859	5.2034E-06	4.717E-07	0.003750466	1	1	sub11sub12sub13
C_378452N1208782W001	0.04120835	0.428391584	0.406326229	0.124073837	2	2	sub11sub12sub13
C_378474N1209333W001	0.91782905	0.01506336	0.008985564	0.058122026	1	1	sub11sub12sub13
C_378477N1213008W001	0.980213537	0.003083316	0.00114897	0.015554178	1	1	sub11sub12sub13
C_378480N1212464W001	0.999509437	0.000195666	4.7013E-06	0.000290195	1	1	sub11sub12sub13
C_378491N1209204W001	0.017011025	0.061641422	0.073835204	0.847512349	4	4	sub11sub12sub13
C_378491N1209493W001	0.930997958	0.068768845	0.000102332	0.000130865	1	1	sub11sub12sub13
C_378562N1212685W001	0.999270702	0.000414648	1.03148E-05	0.000304336	1	1	sub11sub12sub13
C_378616N1209459W001	0.104305096	0.004588036	0.038561308	0.85254556	4	4	sub11sub12sub13
C_378627N1209469W001	0.99586465	8.02503E-05	0.00070154	0.00335356	1	1	sub11sub12sub13
C_378631N1213008W001	0.982331306	0.001374317	0.000302999	0.015991378	1	1	sub11sub12sub13
C_378787N1212825W001	0.999915754	2.22796E-05	0.000003758	5.82089E-05	1	1	sub11sub12sub13
C_378827N1212694W001	0.999984841	0.000007173	4.183E-07	0.000007568	1	1	sub11sub12sub13
