name	clus_1	clus_2	clus_3	clus_4	clus_5	memb	i.cluster	subregion
C_350164N1189274W001	0.999788641	0.000148511	1.44317E-05	8.9992E-06	3.94173E-05	1	1	sub19sub20sub21
C_350308N1188465W001	0.999993543	2.2017E-06	1.3395E-06	2.787E-07	2.6372E-06	1	1	sub19sub20sub21
C_350311N1188642W001	0.999999963	3.67E-08	0	1E-10	0	1	1	sub19sub20sub21
C_350314N1188806W001	0.999519329	0.000468607	2.5484E-06	8.3328E-06	1.1825E-06	1	1	sub19sub20sub21
C_350322N1188766W001	0.999906541	9.20529E-05	3.967E-07	6.315E-07	0.000000378	1	1	sub19sub20sub21
C_350342N1188465W001	0.703935764	0.29540551	0.000113693	0.000472678	7.23544E-05	1	1	sub19sub20sub21
C_350347N1188423W001	0.000362819	0.99697589	0.000069249	0.000653055	0.001938988	2	2	sub19sub20sub21
C_350372N1189687W001	0.999999997	3.3E-09	0	0	0	1	1	sub19sub20sub21
C_350380N1188654W001	0.999896229	0.000101723	6.217E-07	1.1602E-06	2.662E-07	1	1	sub19sub20sub21
C_350397N1189310W001	0.999999996	3.8E-09	0	0	0	1	1	sub19sub20sub21
C_350419N1190307W001	0.999999999	0.000000001	1E-10	0	2E-10	1	1	sub19sub20sub21
C_350425N1189674W001	0.99845203	0.000405383	0.000968036	4.33398E-05	0.000131211	1	1	sub19sub20sub21
C_350456N1189184W001	0.999763532	0.000219221	1.21236E-05	3.5403E-06	1.5832E-06	1	1	sub19sub20sub21
C_350489N1190648W001	0.99999936	6.219E-07	0.000000014	8E-10	0.000000003	1	1	sub19sub20sub21
C_350527N1188566W001	0.999962638	3.72666E-05	2.58E-08	5.88E-08	1.11E-08	1	1	sub19sub20sub21
C_350527N1189099W001	0.096357538	0.175222195	0.69636131	0.018913355	0.013145603	3	3	sub19sub20sub21
C_350530N1188379W001	0.992602142	0.007064092	0.000106819	0.000154522	7.24243E-05	1	1	sub19sub20sub21
C_350531N1188890W001	0.999998709	1.2872E-06	0.000000001	1.1E-09	1.7E-09	1	1	sub19sub20sub21
C_350533N1189356W001	0.780106564	0.188533317	0.001115089	0.029982807	0.000262225	1	1	sub19sub20sub21
C_350589N1191392W001	0.904203715	0.09568612	6.6325E-06	9.99432E-05	3.5891E-06	1	1	sub19sub20sub21
C_350589N1191721W001	0.999999992	4.8E-09	1.2E-09	2E-10	1.7E-09	1	1	sub19sub20sub21
C_350594N1190216W001	0.991463037	0.000278899	0.001107691	3.71894E-05	0.007113183	1	1	sub19sub20sub21
C_350600N1189259W001	0.049909661	0.949969501	2.46757E-05	8.75412E-05	8.6221E-06	2	2	sub19sub20sub21
C_350606N1188737W001	0.996922368	0.002931144	5.97598E-05	4.81572E-05	3.85718E-05	1	1	sub19sub20sub21
C_350611N1190924W001	0.981019341	0.017988688	6.28573E-05	0.000911467	1.76477E-05	1	1	sub19sub20sub21
C_350667N1188431W001	0.999963748	3.60572E-05	6.08E-08	6.61E-08	6.81E-08	1	1	sub19sub20sub21
C_350667N1189848W001	0.093752932	0.412130393	0.062427014	0.411576813	0.020112849	2	2	sub19sub20sub21
C_350697N1190170W001	0.944515626	0.054360276	0.000262276	0.000727425	0.000134396	1	1	sub19sub20sub21
C_350705N1190132W001	0.963925028	0.035831341	6.24741E-05	0.000119789	6.13675E-05	1	1	sub19sub20sub21
C_350719N1191246W001	0.999960564	2.49313E-05	7.3857E-06	1.3424E-06	0.000005777	1	1	sub19sub20sub21
C_350722N1191316W001	0.999749625	0.000107605	9.82899E-05	4.2272E-06	4.02532E-05	1	1	sub19sub20sub21
C_350747N1189003W001	1.99783E-05	0.996625097	7.41268E-05	0.003130531	0.000150267	2	2	sub19sub20sub21
C_350750N1188828W001	0.979196514	0.020744936	7.4563E-06	4.65528E-05	4.5408E-06	1	1	sub19sub20sub21
C_350761N1188467W001	0.999999999	8E-10	0	0	0	1	1	sub19sub20sub21
C_350766N1190413W001	0.996754684	0.003239865	4.445E-07	4.7601E-06	2.465E-07	1	1	sub19sub20sub21
C_350778N1190826W001	0.999929423	6.97482E-05	2.143E-07	5.194E-07	9.48E-08	1	1	sub19sub20sub21
C_350786N1191720W001	0.999972075	2.65977E-05	3.926E-07	0.000000572	3.624E-07	1	1	sub19sub20sub21
C_350819N1192093W001	0.999323628	0.000389588	0.000131723	6.7636E-06	0.000148298	1	1	sub19sub20sub21
C_350822N1188648W001	0.999999242	7.398E-07	5.4E-09	6.8E-09	6.2E-09	1	1	sub19sub20sub21
C_350839N1192126W001	0.999999985	1.15E-08	9E-10	3E-10	1.9E-09	1	1	sub19sub20sub21
C_350847N1191448W001	0.999979479	1.87783E-05	5.552E-07	7.976E-07	3.903E-07	1	1	sub19sub20sub21
C_350900N1189003W001	0.000102654	0.873875857	0.00818879	0.045675826	0.072156873	2	2	sub19sub20sub21
C_350908N1190316W001	0.07184177	0.699564323	0.167328304	0.047628966	0.013636637	2	2	sub19sub20sub21
C_350947N1191370W001	0.78247354	0.21467973	0.00055661	0.001821658	0.000468463	1	1	sub19sub20sub21
C_350958N1190788W001	0.767287191	0.20338038	0.002447198	0.025300255	0.001584976	1	1	sub19sub20sub21
C_350961N1190435W001	0.3965867	0.594928399	0.002946882	0.002862419	0.0026756	2	2	sub19sub20sub21
C_350964N1191802W001	0.88481027	0.007823033	0.003892954	0.101221953	0.002251789	1	1	sub19sub20sub21
C_351014N1192759W001	0.999766691	7.01154E-05	9.89712E-05	6.4657E-06	5.77563E-05	1	1	sub19sub20sub21
C_351036N1188640W001	0.938674787	0.061318168	1.001E-07	6.8566E-06	8.81E-08	1	1	sub19sub20sub21
C_351083N1193140W001	0.022929577	0.807804259	0.039537383	0.101914842	0.027813938	2	2	sub19sub20sub21
C_351083N1193403W001	0.060540888	0.661254201	0.015662599	0.200976139	0.061566174	2	2	sub19sub20sub21
C_351092N1191270W001	0.953760886	0.02711503	0.009360769	0.003677188	0.006086127	1	1	sub19sub20sub21
C_351092N1193417W001	0.996738061	0.003176643	2.56938E-05	3.78963E-05	0.000021706	1	1	sub19sub20sub21
C_351133N1191371W001	0.999495992	0.000307335	4.06217E-05	9.75337E-05	5.85172E-05	1	1	sub19sub20sub21
C_351152N1188896W001	1.69439E-05	0.000112876	0.028012906	0.952118093	0.019739182	4	4	sub19sub20sub21
C_351156N1190915W001	0.999443289	0.000534017	1.25394E-05	5.2029E-06	4.9524E-06	1	1	sub19sub20sub21
C_351217N1189192W001	3.9077E-06	0.00460193	0.000848421	0.989777673	0.004768069	4	4	sub19sub20sub21
C_351228N1193345W001	0.005645183	0.115502028	0.751920939	0.010670047	0.116261803	3	3	sub19sub20sub21
C_351231N1191987W001	0.991991952	0.005568782	0.0013471	0.000833189	0.000258976	1	1	sub19sub20sub21
C_351255N1193249W001	0.999999996	3.7E-09	0	0	0	1	1	sub19sub20sub21
C_351256N1189995W001	0.05407961	0.944396449	0.000325885	0.000580585	0.000617471	2	2	sub19sub20sub21
C_351300N1192081W001	0.339780235	0.653925202	0.001994707	0.001814555	0.002485302	2	2	sub19sub20sub21
C_351303N1191903W001	0.00011123	0.035536865	0.000876001	0.00171536	0.961760544	5	5	sub19sub20sub21
C_351303N1192078W001	6.075E-07	0.000883806	0.000113476	2.03032E-05	0.998981807	5	5	sub19sub20sub21
C_351366N1192605W001	0.99866191	0.001207901	1.14958E-05	0.000116918	1.7743E-06	1	1	sub19sub20sub21
C_351375N1191812W001	0.001653815	0.081685447	0.002491159	0.005081469	0.90908811	5	5	sub19sub20sub21
C_351378N1191634W001	3.6487E-06	0.001389461	1.25196E-05	6.8044E-06	0.998587566	5	5	sub19sub20sub21
C_351386N1190751W001	5.45E-08	1.78181E-05	0.000128256	3.413E-07	0.99985353	5	5	sub19sub20sub21
C_351436N1188834W001	7.923E-07	1.38818E-05	0.00075017	0.997473302	0.001761854	4	4	sub19sub20sub21
C_351444N1188826W001	2.1348E-06	0.000095958	2.34437E-05	0.999842342	3.61218E-05	4	4	sub19sub20sub21
C_351447N1192162W001	6.7029E-06	0.000173632	0.000348917	0.000023548	0.999447201	5	5	sub19sub20sub21
C_351450N1191459W001	0.001145099	0.000894468	0.007135275	0.000432121	0.990393038	5	5	sub19sub20sub21
C_351450N1191992W001	5.812E-07	1.18666E-05	0.000730281	6.2279E-06	0.999251043	5	5	sub19sub20sub21
C_351511N1188253W001	2E-10	1.049E-07	6.306E-07	0.999999192	7.24E-08	4	4	sub19sub20sub21
C_351519N1190610W001	0.158014842	0.833966569	0.004251152	0.002473037	0.0012944	2	2	sub19sub20sub21
C_351519N1192366W001	0.722817306	0.106583454	0.015866575	0.087324026	0.06740864	1	1	sub19sub20sub21
C_351522N1188199W001	1.716E-07	4.75619E-05	0.00003128	0.999916732	4.2548E-06	4	4	sub19sub20sub21
C_351547N1191663W001	5.67E-08	5.423E-07	3.26361E-05	3.316E-07	0.999966433	5	5	sub19sub20sub21
C_351578N1188876W001	6.1E-09	7.131E-07	0.000531124	0.99935866	0.000109497	4	4	sub19sub20sub21
C_351694N1190530W001	1.54927E-05	0.001807555	0.000770309	2.54835E-05	0.99738116	5	5	sub19sub20sub21
C_351719N1190748W001	4.153E-07	3.8808E-06	0.000277529	4.701E-07	0.999717705	5	5	sub19sub20sub21
C_351742N1191584W001	4E-10	1.5E-09	2.2361E-06	3.5E-09	0.999997758	5	5	sub19sub20sub21
C_351858N1191115W001	0.109584904	0.563346595	0.115473156	0.037215761	0.174379583	2	2	sub19sub20sub21
C_351858N1191260W001	1.14368E-05	0.016206766	0.000668767	6.50691E-05	0.983047961	5	5	sub19sub20sub21
C_351867N1190820W001	2E-10	1.99E-08	5.867E-07	6E-10	0.999999393	5	5	sub19sub20sub21
C_351867N1190926W001	4.88E-08	4.4364E-06	0.000540124	1.178E-07	0.999455274	5	5	sub19sub20sub21
C_351906N1187884W001	3.5E-09	1.37E-08	3.6031E-06	0.999996321	5.83E-08	4	4	sub19sub20sub21
C_351939N1190926W001	0.000213555	0.000196631	0.014091561	3.60628E-05	0.98546219	5	5	sub19sub20sub21
C_351939N1191313W001	0.999956009	2.36225E-05	1.5625E-06	1.0185E-06	1.77873E-05	1	1	sub19sub20sub21
C_351950N1187837W001	4E-10	2.81E-08	4.364E-07	0.999999513	0.000000022	4	4	sub19sub20sub21
C_351952N1188813W001	0.182471531	0.785500247	0.005442852	0.022086271	0.004499099	2	2	sub19sub20sub21
C_351952N1189182W001	5.9583E-06	0.003626095	0.132666817	0.006274355	0.857426775	5	5	sub19sub20sub21
C_351956N1194020W001	0.083649851	0.150685148	0.072037042	0.581167823	0.112460136	4	4	sub19sub20sub21
C_352011N1190926W001	5.936E-07	0.000320594	0.007882019	2.3717E-06	0.991794422	5	5	sub19sub20sub21
C_352017N1187987W001	2.48E-08	4.9254E-06	2.241E-07	0.999994753	7.28E-08	4	4	sub19sub20sub21
C_352027N1188996W001	0.001548786	0.980995967	0.004147967	0.001343091	0.011964189	2	2	sub19sub20sub21
C_352027N1189557W001	7.68703E-05	0.990844584	0.000739032	0.000357974	0.00798154	2	2	sub19sub20sub21
C_352039N1192220W001	9.327E-07	1.9026E-06	4.57415E-05	8.5109E-06	0.999942912	5	5	sub19sub20sub21
C_352050N1191815W001	0.00000006	2.04E-08	0.000055615	1.239E-07	0.999944181	5	5	sub19sub20sub21
C_352053N1191992W001	1.82E-08	4.52E-08	0.000008602	1.061E-07	0.999991229	5	5	sub19sub20sub21
C_352080N1189699W001	0.068701888	0.91450493	0.001779696	0.002191075	0.012822412	2	2	sub19sub20sub21
C_352083N1189855W001	0.00018718	0.985630044	0.001163918	0.000899786	0.012119072	2	2	sub19sub20sub21
C_352083N1190528W001	1.9E-09	2.585E-07	3.72008E-05	1.17E-08	0.999962527	5	5	sub19sub20sub21
C_352083N1191203W001	1.74259E-05	0.000989967	0.017373286	4.22548E-05	0.981577067	5	5	sub19sub20sub21
C_352102N1189582W001	0.000160686	0.969386405	0.009423838	0.00453918	0.016489892	2	2	sub19sub20sub21
C_352125N1191992W001	7.689E-07	3.3295E-06	0.001693102	1.38295E-05	0.99828897	5	5	sub19sub20sub21
C_352128N1191553W001	1.10626E-05	2.6761E-06	0.002125927	2.1894E-06	0.997858145	5	5	sub19sub20sub21
C_352139N1189268W001	0.003518337	0.996111573	7.43983E-05	0.000169002	0.000126691	2	2	sub19sub20sub21
C_352200N1192037W001	8.53927E-05	9.37439E-05	0.002185496	0.000376859	0.997258508	5	5	sub19sub20sub21
C_352231N1192098W001	4E-10	2.64E-08	0.000144197	5.55E-08	0.999855721	5	5	sub19sub20sub21
C_352233N1191281W001	2.47E-08	4.87E-08	0.002716861	1.76E-08	0.997283048	5	5	sub19sub20sub21
C_352242N1187703W001	0.000000256	1.23926E-05	0.003812523	0.996137099	0.000037729	4	4	sub19sub20sub21
C_352311N1187790W001	9.3E-09	6.4117E-06	0.017161098	0.982747132	8.53485E-05	4	4	sub19sub20sub21
C_352347N1192413W001	0.000001911	0.000501493	0.029461947	0.048101142	0.921933508	5	5	sub19sub20sub21
C_352353N1191548W001	0	1E-10	1.9794E-06	2E-10	0.99999802	5	5	sub19sub20sub21
C_352369N1189428W001	0.118088183	0.866516261	0.001784198	0.012690018	0.00092134	2	2	sub19sub20sub21
C_352383N1192126W001	1.943E-07	1.7113E-06	0.732199439	1.56374E-05	0.267783018	3	3	sub19sub20sub21
C_352389N1189485W001	0.068865767	0.849600148	0.022944082	0.050552587	0.008037416	2	2	sub19sub20sub21
C_352411N1191545W001	0	0	3.7217E-06	0	0.999996278	5	5	sub19sub20sub21
C_352450N1191640W001	0	1E-10	0.013831162	2.8E-09	0.986168835	5	5	sub19sub20sub21
C_352452N1188243W001	4.69064E-05	0.000663098	0.984507944	0.008238007	0.006544044	3	3	sub19sub20sub21
C_352453N1192087W001	8.484E-07	0.000339888	0.116599581	0.010635445	0.872424238	5	5	sub19sub20sub21
C_352456N1191195W001	9.7E-09	0.000000068	0.069518265	5.1E-09	0.930481652	5	5	sub19sub20sub21
C_352486N1191542W001	1E-10	1.3E-09	0.366951559	8.9E-09	0.633048431	5	5	sub19sub20sub21
C_352514N1189503W001	7.55226E-05	0.012316678	0.022917602	0.000133746	0.964556451	5	5	sub19sub20sub21
C_352525N1191162W001	0.000000002	2.237E-07	0.919116137	2.31E-08	0.080883615	3	3	sub19sub20sub21
C_352575N1190057W001	0.399954058	0.291916459	0.083269631	0.186163027	0.038696826	1	1	sub19sub20sub21
C_352597N1191640W001	1.375E-07	1.27606E-05	0.983064371	3.54713E-05	0.01688726	3	3	sub19sub20sub21
C_352605N1188932W001	0.018015779	0.934830317	0.002978895	0.040901213	0.003273796	2	2	sub19sub20sub21
C_352608N1188074W001	0.000973775	0.019643172	0.975902791	0.001479314	0.002000948	3	3	sub19sub20sub21
C_352639N1188412W001	1.6475E-06	1.94234E-05	0.999857789	2.0283E-06	0.000119112	3	3	sub19sub20sub21
C_352666N1188457W001	0.000983451	0.548556174	0.422102385	0.000571895	0.027786096	2	2	sub19sub20sub21
C_352669N1188246W001	8E-10	0.000000003	0.999997197	9.5E-09	2.7893E-06	3	3	sub19sub20sub21
C_352669N1191465W001	0	1E-10	0.999990813	2.1E-09	9.1848E-06	3	3	sub19sub20sub21
C_352742N1192567W001	0.004596171	0.120942276	0.171340217	0.701101827	0.002019509	4	4	sub19sub20sub21
C_352747N1189435W001	0.881044003	0.108671296	0.004137131	0.003943994	0.002203577	1	1	sub19sub20sub21
C_352761N1192853W001	0.002795275	0.071865197	0.004787481	0.915595806	0.004956241	4	4	sub19sub20sub21
C_352786N1188462W001	0.001612816	0.011335197	0.940371242	0.000717308	0.045963438	3	3	sub19sub20sub21
C_352814N1191302W001	0.002448489	0.034005719	0.032487774	0.923604491	0.007453527	4	4	sub19sub20sub21
C_352814N1191396W001	1.46E-08	9.472E-07	0.974624465	0.02514465	0.000229923	3	3	sub19sub20sub21
C_352814N1191657W001	0.001023986	0.019182146	0.047730506	0.92013661	0.011926752	4	4	sub19sub20sub21
C_352816N1191552W001	0.012284104	0.148265277	0.088644458	0.70070857	0.05009759	4	4	sub19sub20sub21
C_352817N1192606W001	3.5E-09	0.000000997	7.309E-07	0.999994587	3.6817E-06	4	4	sub19sub20sub21
C_352839N1188967W001	7.13685E-05	2.082E-07	0.999721285	3.24E-08	0.000207106	3	3	sub19sub20sub21
C_352880N1191482W001	0.001962045	0.041412761	0.171989244	0.715752398	0.068883551	4	4	sub19sub20sub21
C_352883N1191856W001	1.9E-09	4.52E-08	0.000139603	0.99985959	7.599E-07	4	4	sub19sub20sub21
C_352889N1191655W001	0.002077102	0.017355265	0.052858486	0.919370274	0.008338873	4	4	sub19sub20sub21
C_352908N1192437W001	3.164E-07	5.41023E-05	9.6876E-06	0.999029095	0.000906799	4	4	sub19sub20sub21
C_352936N1192703W001	3.72038E-05	0.002564062	2.0055E-06	0.997383378	1.33505E-05	4	4	sub19sub20sub21
C_353019N1188967W001	0.000048611	0.000300934	0.996656571	4.24755E-05	0.002951408	3	3	sub19sub20sub21
C_353033N1192348W001	0	2.35E-08	3.55E-08	0.999999883	5.81E-08	4	4	sub19sub20sub21
C_353039N1188893W001	0.000390101	0.000417077	0.996703637	7.99101E-05	0.002409276	3	3	sub19sub20sub21
C_353069N1191987W001	1.121E-07	6.89E-08	0.0000069	0.999982919	1.00004E-05	4	4	sub19sub20sub21
C_353069N1192592W001	4.105E-07	0.000270761	0.000010036	0.999599077	0.000119715	4	4	sub19sub20sub21
C_353072N1191548W001	9E-10	2.87E-08	2.57101E-05	0.999970649	3.6116E-06	4	4	sub19sub20sub21
C_353075N1193323W001	4.16E-08	0.000020283	3.8868E-06	0.999975534	2.548E-07	4	4	sub19sub20sub21
C_353106N1191637W001	0	2.2E-09	3.2547E-06	0.999996045	6.978E-07	4	4	sub19sub20sub21
C_353106N1193415W001	8.1433E-06	0.001902449	0.000629457	0.997450981	8.9702E-06	4	4	sub19sub20sub21
C_353128N1192787W002	2.1459E-06	0.00034313	1.6255E-06	0.999649431	3.6683E-06	4	4	sub19sub20sub21
C_353147N1191367W001	5.23E-08	5.347E-07	0.532230596	0.467702205	6.66126E-05	3	3	sub19sub20sub21
C_353147N1191723W001	0	0	0	1	0	4	4	sub19sub20sub21
C_353147N1191987W001	2.27E-08	5.595E-07	4.5171E-06	0.999938799	5.61016E-05	4	4	sub19sub20sub21
C_353150N1191815W001	0	1E-10	1E-10	1	3E-10	4	4	sub19sub20sub21
C_353189N1193441W001	3.05735E-05	0.000860166	0.000195977	0.998901489	0.000011795	4	4	sub19sub20sub21
C_353192N1193592W001	4.193E-07	2.09453E-05	3.4054E-06	0.99997516	0.00000007	4	4	sub19sub20sub21
C_353217N1191720W001	7.2E-09	1.646E-07	6.336E-07	0.999998932	2.631E-07	4	4	sub19sub20sub21
C_353256N1193498W001	1.3371E-06	0.000162698	0.000389301	0.999443635	3.0284E-06	4	4	sub19sub20sub21
C_353258N1193441W001	3.66983E-05	0.002581258	0.00035895	0.997005878	1.72158E-05	4	4	sub19sub20sub21
C_353281N1191456W001	5.8077E-06	1.083E-07	6.0302E-06	0.999975689	1.23644E-05	4	4	sub19sub20sub21
C_353286N1191545W001	6.2E-09	2.15E-08	3.84E-08	0.999999933	9E-10	4	4	sub19sub20sub21
C_353286N1191637W001	3.78E-08	1.09402E-05	1.1246E-06	0.999956041	3.18567E-05	4	4	sub19sub20sub21
C_353319N1193623W001	0.000234633	0.013832204	0.017155829	0.964428239	0.004349096	4	4	sub19sub20sub21
C_353322N1192612W001	5.8E-09	3.259E-07	2.65E-08	0.999999538	1.041E-07	4	4	sub19sub20sub21
C_353328N1189409W001	0.008999101	0.002972113	0.776879524	6.03882E-05	0.211088874	3	3	sub19sub20sub21
C_353375N1192410W001	0.000000547	4.3584E-06	2.369E-07	0.999994711	1.465E-07	4	4	sub19sub20sub21
C_353383N1191453W001	1.19E-08	0.000000596	1.32214E-05	0.999985886	2.846E-07	4	4	sub19sub20sub21
C_353383N1191628W001	0.000002069	2.5246E-06	0.000908591	0.999065195	0.000021621	4	4	sub19sub20sub21
C_353397N1192638W001	4.83E-08	1.3936E-06	1.522E-07	0.999998098	3.075E-07	4	4	sub19sub20sub21
C_353397N1192724W001	1.7937E-06	0.00027331	8.7259E-06	0.99960636	0.000109811	4	4	sub19sub20sub21
C_353433N1191901W001	5.31E-08	1.4853E-06	0.000001957	0.99999407	0.000002435	4	4	sub19sub20sub21
C_353466N1192821W001	0.000000329	7.2366E-06	1.17966E-05	0.999980247	3.905E-07	4	4	sub19sub20sub21
C_353489N1192357W001	2.3E-09	1.015E-07	1.326E-07	0.999999726	0.000000038	4	4	sub19sub20sub21
C_353508N1191723W001	2.017E-07	1.8049E-06	0.000184651	0.998815578	0.000997765	4	4	sub19sub20sub21
C_353508N1191898W001	8E-10	5.7E-09	9.482E-07	0.999997964	0.000001081	4	4	sub19sub20sub21
C_353508N1192078W001	0	0.00000001	4.03E-08	0.999999658	2.916E-07	4	4	sub19sub20sub21
C_353508N1192223W001	1.45E-08	5.108E-07	5.1055E-06	0.999992746	1.6232E-06	4	4	sub19sub20sub21
C_353653N1193056W001	0.00015372	0.006146856	0.010254337	0.983177224	0.000267862	4	4	sub19sub20sub21
C_353767N1193415W001	5.519E-07	0.000153243	0.611526243	0.388125316	0.000194646	3	3	sub19sub20sub21
C_353783N1192266W001	2.01E-08	0.000002598	0.001136375	0.998858814	2.1926E-06	4	4	sub19sub20sub21
C_353800N1192876W001	7.58E-08	2.9119E-06	0.003532183	0.996447544	1.72858E-05	4	4	sub19sub20sub21
C_353839N1193503W001	0.000000004	3.22E-08	0.999883447	0.000105234	1.12828E-05	3	3	sub19sub20sub21
C_353872N1192387W001	1.285E-07	1.13753E-05	0.137144463	0.862828946	1.50874E-05	4	4	sub19sub20sub21
C_353922N1192042W001	1.58436E-05	0.006061189	0.983479803	0.001504721	0.008938444	3	3	sub19sub20sub21
C_354017N1192437W001	3.4E-09	4.0499E-06	0.996324087	0.000153691	0.003518169	3	3	sub19sub20sub21
C_354047N1191995W001	1.3E-09	4.902E-07	0.9992794	0.000718356	1.7531E-06	3	3	sub19sub20sub21
C_354053N1191815W001	0	0	1	0	0	3	3	sub19sub20sub21
C_354067N1192170W001	3.76E-08	8.76E-08	0.999968729	3.04155E-05	7.307E-07	3	3	sub19sub20sub21
C_354128N1193409W001	0	0	0.999999984	6E-10	1.52E-08	3	3	sub19sub20sub21
C_354131N1193590W001	0	0	0.99999988	1E-10	1.197E-07	3	3	sub19sub20sub21
C_354161N1192076W001	1E-10	3.2E-09	0.999999438	4.073E-07	1.512E-07	3	3	sub19sub20sub21
C_354172N1192190W001	4E-10	4E-10	0.99999622	3.32E-08	3.7461E-06	3	3	sub19sub20sub21
C_354203N1193942W001	0	3.1E-09	0.99999698	3.612E-07	2.6559E-06	3	3	sub19sub20sub21
C_354206N1191817W001	2.8E-09	4.401E-07	0.998687355	0.001064037	0.000248165	3	3	sub19sub20sub21
C_354206N1193092W001	1E-10	3.98E-08	0.999996633	2.236E-07	3.1031E-06	3	3	sub19sub20sub21
C_354208N1194038W001	0	0	0.999999955	7E-10	4.48E-08	3	3	sub19sub20sub21
C_354269N1191459W001	0.000000384	5.655E-07	0.995419316	0.004503171	7.65639E-05	3	3	sub19sub20sub21
C_354272N1191998W001	2.1405E-06	0.000130657	0.995185967	0.004447044	0.000234192	3	3	sub19sub20sub21
C_354275N1192165W001	0	0	0	0	0	1	1	sub19sub20sub21
C_354300N1193315W001	7.8E-09	1.32516E-05	0.999979936	4.196E-07	6.3847E-06	3	3	sub19sub20sub21
C_354342N1192259W001	1.58E-08	2.05E-08	0.999993313	1.338E-07	6.5172E-06	3	3	sub19sub20sub21
C_354344N1191337W001	7.5E-09	2.966E-07	0.141851574	8.01252E-05	0.858067997	5	5	sub19sub20sub21
C_354344N1193584W001	3.6E-09	0.00000024	0.998684721	7.185E-07	0.001314317	3	3	sub19sub20sub21
C_354375N1191231W001	2.419E-07	0.000035633	0.029761949	0.000127934	0.970074242	5	5	sub19sub20sub21
C_354414N1191545W001	0.00000111	2.08356E-05	0.958700059	0.041086766	0.00019123	3	3	sub19sub20sub21
C_354483N1191098W001	4.083E-07	0.000206402	0.013296326	0.966923733	0.019573131	4	4	sub19sub20sub21
C_354494N1192096W001	7.159E-07	4.998E-07	0.999892212	5.79859E-05	4.85869E-05	3	3	sub19sub20sub21
C_354497N1191818W001	0.001480242	0.000291902	0.886434443	0.107347485	0.004445928	3	3	sub19sub20sub21
C_354497N1192293W001	2.7031E-06	2.9936E-06	0.999806013	6.9551E-06	0.000181335	3	3	sub19sub20sub21
C_354561N1192256W001	2.288E-07	1.46592E-05	0.99981141	0.000142277	3.14254E-05	3	3	sub19sub20sub21
C_354564N1190766W001	0.016533368	0.982950723	2.56796E-05	0.000463715	2.65144E-05	2	2	sub19sub20sub21
C_354567N1193453W001	1.5895E-06	0.004528153	0.958604348	2.39682E-05	0.036841941	3	3	sub19sub20sub21
C_354597N1192790W001	0.00300774	0.000210763	0.992542958	0.000261139	0.0039774	3	3	sub19sub20sub21
C_354605N1191913W001	1.005E-07	3.03E-08	0.999891515	5.4614E-06	0.000102893	3	3	sub19sub20sub21
C_354641N1192382W001	0	2E-10	0.999999641	0.000000002	3.569E-07	3	3	sub19sub20sub21
C_354714N1192174W001	2.34E-08	7.82E-08	0.999937151	2.1932E-06	6.05543E-05	3	3	sub19sub20sub21
C_354716N1192082W001	2.07E-08	8.23E-08	0.99994841	2.56951E-05	2.57925E-05	3	3	sub19sub20sub21
C_354780N1191721W001	0.002726168	0.0006357	0.049326408	0.933988036	0.013323689	4	4	sub19sub20sub21
C_354780N1191721W002	0.849392545	0.004765965	0.032701389	0.004553539	0.108586563	1	1	sub19sub20sub21
C_354780N1191721W003	0.687200768	0.0154254	0.086485898	0.005182592	0.205705342	1	1	sub19sub20sub21
C_354786N1192080W001	1.8834E-06	2.8543E-06	0.995773432	1.60994E-05	0.004205731	3	3	sub19sub20sub21
C_354861N1192293W001	1.01E-08	3.18E-08	0.998553202	5.9891E-06	0.001440767	3	3	sub19sub20sub21
C_354922N1192151W001	0	0	0.999999485	0.000000006	5.091E-07	3	3	sub19sub20sub21
C_354989N1193234W001	0.000188714	0.003622567	0.919324083	0.013698467	0.063166169	3	3	sub19sub20sub21
C_354994N1192355W001	4E-10	2.1E-09	0.999680288	8.5E-09	0.000319701	3	3	sub19sub20sub21
C_355006N1193698W001	4E-10	1.66E-08	0.999997497	7.36E-08	2.4124E-06	3	3	sub19sub20sub21
C_355067N1191170W001	0.000656302	0.002992322	0.089002876	0.000552671	0.90679583	5	5	sub19sub20sub21
C_355083N1193635W001	0	7E-10	0.999998064	0.000000012	1.9229E-06	3	3	sub19sub20sub21
C_355097N1191087W001	0.000621153	0.00194595	0.533005841	0.101099593	0.363327463	3	3	sub19sub20sub21
C_355139N1191565W001	2.542E-07	7.5386E-06	0.997563371	0.000539163	0.001889673	3	3	sub19sub20sub21
C_355152N1193602W001	8.32E-08	0.000001359	0.998881593	0.000039775	0.00107719	3	3	sub19sub20sub21
C_355217N1194927W001	0.000001265	0.001128302	0.284183141	0.249991756	0.464695536	5	5	sub19sub20sub21
C_355219N1194829W001	0.000000009	1.55417E-05	0.008356082	0.007234958	0.98439341	5	5	sub19sub20sub21
C_355283N1193960W001	3E-10	5.92E-08	0.999478137	1.5084E-06	0.000520295	3	3	sub19sub20sub21
C_355294N1191609W001	1.7963E-06	1.1792E-06	0.997311825	2.98664E-05	0.002655333	3	3	sub19sub20sub21
C_355325N1194927W001	0.000184643	0.004847694	0.045060888	0.130630946	0.819275829	5	5	sub19sub20sub21
C_355358N1193498W001	2.9E-09	0.000000172	0.954400307	0.011880303	0.033719216	3	3	sub19sub20sub21
C_355361N1192248W001	0.000040585	1.2596E-06	0.990087734	0.002406342	0.00746408	3	3	sub19sub20sub21
C_355397N1194384W001	3.943E-07	0.000241405	0.216245572	0.063155058	0.720357571	5	5	sub19sub20sub21
C_355406N1193767W001	0	0	0.959753397	0	0.040246603	3	3	sub19sub20sub21
C_355408N1193856W001	0	0	0.000434948	1E-10	0.999565052	5	5	sub19sub20sub21
C_355433N1192512W001	3.21E-08	3.5427E-06	0.024891595	1.50936E-05	0.975089737	5	5	sub19sub20sub21
C_355436N1192156W001	8.075E-07	0.000039511	0.17663636	0.000161355	0.823161967	5	5	sub19sub20sub21
C_355436N1194212W001	2E-10	4.157E-07	0.796538654	8.735E-07	0.203460056	3	3	sub19sub20sub21
C_355458N1193501W001	4E-10	2.53E-08	0.147410718	2.9149E-06	0.852586341	5	5	sub19sub20sub21
C_355508N1192245W001	1.18E-08	4.4E-09	0.152003726	1.1004E-06	0.847995157	5	5	sub19sub20sub21
C_355522N1190995W001	0.00011258	1.44531E-05	0.649735708	0.002824964	0.347312295	3	3	sub19sub20sub21
C_355525N1192953W001	5.4E-09	1.003E-07	0.311600529	1.00009E-05	0.688389364	5	5	sub19sub20sub21
C_355575N1193856W001	0	9.513E-07	0.002708235	4.284E-07	0.997290385	5	5	sub19sub20sub21
C_355581N1192184W001	1.3264E-06	3.0528E-06	0.928545969	0.001138892	0.07031076	3	3	sub19sub20sub21
C_355581N1194470W001	1.65328E-05	0.003803293	0.675463127	0.13625989	0.184457157	3	3	sub19sub20sub21
C_355586N1193545W001	0.761933391	0.22132988	0.005383416	0.008688143	0.00266517	1	1	sub19sub20sub21
C_355589N1193312W001	0.008988356	0.000849931	0.948279462	0.000168763	0.041713488	3	3	sub19sub20sub21
C_355647N1192831W001	1.395E-07	2.77921E-05	0.118010795	3.25755E-05	0.881928698	5	5	sub19sub20sub21
C_355656N1192070W001	2.455E-07	2.2678E-06	0.00443741	7.87728E-05	0.995481304	5	5	sub19sub20sub21
C_355656N1192601W001	1.2642E-06	1.87902E-05	0.007213185	6.76773E-05	0.992699084	5	5	sub19sub20sub21
C_355658N1191778W001	4E-10	7.62E-08	0.513780984	1.3794E-06	0.48621756	3	3	sub19sub20sub21
C_355697N1191906W001	0	0	0.000000022	0	0.999999978	5	5	sub19sub20sub21
C_355725N1194384W001	5.33E-08	0.000023911	0.868843566	0.000221807	0.130910662	3	3	sub19sub20sub21
C_355733N1193942W001	2E-10	8.1E-09	0.026454276	1.633E-07	0.973545553	5	5	sub19sub20sub21
C_355758N1191459W001	0.000570427	0.974988378	0.006004046	0.006325056	0.012112093	2	2	sub19sub20sub21
C_355764N1192145W001	1.322E-07	0.000000018	0.949926835	4.5452E-06	0.05006847	3	3	sub19sub20sub21
C_355775N1192603W001	0	4E-10	3.7162E-06	2.8E-09	0.999996281	5	5	sub19sub20sub21
C_355806N1191909W001	1.24E-08	2.187E-07	0.004283744	8.2847E-06	0.99570774	5	5	sub19sub20sub21
C_355814N1193587W001	4E-10	1.95E-08	0.001271309	5.4995E-06	0.998723171	5	5	sub19sub20sub21
C_355869N1194384W001	3E-10	7.9E-09	0.000643489	9.1338E-06	0.999347369	5	5	sub19sub20sub21
C_355878N1191373W001	0.003930935	0.994947031	5.70129E-05	0.00092373	0.000141291	2	2	sub19sub20sub21
C_355878N1191948W001	8.99581E-05	0.001179779	0.496343324	0.000188132	0.502198807	5	5	sub19sub20sub21
C_355922N1192598W001	0	1.2E-09	4.9416E-06	1.09E-08	0.999995046	5	5	sub19sub20sub21
C_355944N1193584W001	1E-10	0.000000158	9.0786E-06	3.761E-07	0.999990387	5	5	sub19sub20sub21
C_355947N1193717W001	0	0	0	0	1	5	5	sub19sub20sub21
C_356011N1194560W001	0.029367682	0.149850319	0.04435603	0.745700682	0.030725287	4	4	sub19sub20sub21
C_356017N1193937W001	0	0	0.000000002	0	0.999999998	5	5	sub19sub20sub21
C_356022N1191956W001	4.4E-09	0.000001007	0.211832407	4.65226E-05	0.788120059	5	5	sub19sub20sub21
C_356025N1192413W001	0.005136244	0.00777585	0.16911941	0.79683304	0.021135457	4	4	sub19sub20sub21
C_356025N1192413W002	0.991648347	0.006606668	0.001414989	0.000168315	0.000161681	1	1	sub19sub20sub21
C_356058N1191820W001	2E-10	6.28E-08	2.25518E-05	1.96E-08	0.999977366	5	5	sub19sub20sub21
C_356061N1191359W001	6.01276E-05	0.883215029	0.003777338	0.099912131	0.013035375	2	2	sub19sub20sub21
C_356067N1190887W001	0.004271811	0.022888215	0.017789863	0.009205047	0.945845065	5	5	sub19sub20sub21
C_356072N1192603W001	5.24E-08	1.4584E-06	0.002171933	8.97963E-05	0.99773676	5	5	sub19sub20sub21
C_356094N1192778W001	4.03E-08	4.33E-08	0.000105514	1.3613E-06	0.999893042	5	5	sub19sub20sub21
C_356097N1191192W001	1E-10	6.98E-08	1.3448E-06	4.602E-07	0.999998125	5	5	sub19sub20sub21
C_356164N1193406W001	0	0	0	0	1	5	5	sub19sub20sub21
C_356172N1193677W001	0	0	0	0	1	5	5	sub19sub20sub21
C_356175N1191517W001	0.000815734	0.999017331	1.43057E-05	0.000138033	1.45961E-05	2	2	sub19sub20sub21
C_356186N1191037W001	3.6761E-06	3.42182E-05	0.000635481	0.001002948	0.998323677	5	5	sub19sub20sub21
C_356189N1191423W001	0.002509317	0.97955194	0.000264128	0.017242143	0.000432472	2	2	sub19sub20sub21
C_356197N1191334W001	3.979E-07	0.999722913	9.0246E-06	6.94791E-05	0.000198185	2	2	sub19sub20sub21
C_356233N1191078W001	0.000537569	0.008131224	0.014987546	0.111724586	0.864619076	5	5	sub19sub20sub21
C_356236N1194206W001	1.065E-07	3.14726E-05	0.000189707	2.31123E-05	0.999755601	5	5	sub19sub20sub21
C_356241N1193502W001	1E-10	2.1E-09	1.4374E-06	2.05E-08	0.99999854	5	5	sub19sub20sub21
C_356308N1193678W001	0	0	0	0	0	1	1	sub19sub20sub21
C_356308N1194203W001	0.000000148	1.04193E-05	0.000198734	9.89102E-05	0.999691788	5	5	sub19sub20sub21
C_356311N1191512W001	0.002780682	0.940209436	0.00059465	0.056306937	0.000108296	2	2	sub19sub20sub21
C_356314N1191659W001	4.46715E-05	0.992778349	0.000369326	0.000178661	0.006628993	2	2	sub19sub20sub21
C_356322N1193591W001	0	0	0	0	1	5	5	sub19sub20sub21
C_356325N1192318W001	4E-10	2.11E-08	0.00079053	2.08465E-05	0.999188602	5	5	sub19sub20sub21
C_356389N1193407W001	0	0	0	0	1	5	5	sub19sub20sub21
C_356406N1191787W001	2.2E-09	9.628E-07	0.998355969	2.63309E-05	0.001616735	3	3	sub19sub20sub21
C_356425N1191651W001	7.76966E-05	0.999905832	1.376E-07	1.59033E-05	4.302E-07	2	2	sub19sub20sub21
C_356439N1191515W001	0.000133	0.99983114	0.000000148	3.52533E-05	4.587E-07	2	2	sub19sub20sub21
C_356453N1194201W001	9E-10	6.9E-09	2.1037E-06	5.03E-08	0.999997838	5	5	sub19sub20sub21
C_356461N1193327W001	0	5E-10	7.3E-09	0	0.999999992	5	5	sub19sub20sub21
C_356461N1193667W001	0	0	1.6E-09	0	0.999999998	5	5	sub19sub20sub21
C_356464N1191609W001	0.397497067	0.601270553	4.64325E-05	0.001158392	0.000027555	2	2	sub19sub20sub21
C_356464N1191692W001	3.39182E-05	0.999950301	1.0698E-06	1.4197E-06	1.32918E-05	2	2	sub19sub20sub21
C_356472N1192502W001	7E-10	2.88E-08	5.98804E-05	5.5595E-06	0.999934531	5	5	sub19sub20sub21
C_356475N1192402W001	5.2927E-06	3.64207E-05	0.991366765	0.001564824	0.007026698	3	3	sub19sub20sub21
C_356531N1191656W001	5.51318E-05	0.999613912	7.4338E-06	0.000120547	0.000202975	2	2	sub19sub20sub21
C_356538N1192602W001	0	3.1E-09	3.4338E-06	1.986E-07	0.999996365	5	5	sub19sub20sub21
C_356550N1190578W001	0.056142765	0.87526346	0.026134347	0.020542881	0.021916548	2	2	sub19sub20sub21
C_356569N1193505W001	0	0	1.8E-09	0.000000001	0.999999997	5	5	sub19sub20sub21
C_356597N1192599W001	0.000000006	1.644E-07	2.96888E-05	0.000003051	0.99996709	5	5	sub19sub20sub21
C_356600N1194198W001	0	7E-10	6.188E-07	9.6E-09	0.999999371	5	5	sub19sub20sub21
C_356605N1192777W001	0.000000001	1.406E-07	9.3686E-06	3.1787E-06	0.999987311	5	5	sub19sub20sub21
C_356628N1193753W001	0.922421868	0.072094414	0.001523084	0.003003343	0.000957291	1	1	sub19sub20sub21
C_356639N1191909W001	0.530113673	0.063769575	0.055717488	0.023267165	0.327132099	1	1	sub19sub20sub21
C_356675N1193584W001	0.868344555	0.100246413	0.006830525	0.019478587	0.00509992	1	1	sub19sub20sub21
C_356681N1190962W001	0.001436727	0.834401413	0.021916252	0.040292152	0.101953456	2	2	sub19sub20sub21
C_356742N1193581W001	5.1E-09	1.656E-07	2.16926E-05	1.2964E-06	0.99997684	5	5	sub19sub20sub21
C_356744N1192777W001	0.000000006	2.906E-07	1.56846E-05	1.0517E-06	0.999982967	5	5	sub19sub20sub21
C_356744N1194032W001	1.5E-09	7.22E-08	0.000213515	7.8532E-06	0.999778558	5	5	sub19sub20sub21
C_356747N1193330W001	0.000114002	0.000587634	0.000694859	0.001554872	0.997048635	5	5	sub19sub20sub21
C_356752N1193043W001	0	0	7E-10	1E-10	0.999999999	5	5	sub19sub20sub21
C_356781N1191206W001	0.983432457	0.016558236	4.1034E-06	2.3283E-06	2.8751E-06	1	1	sub19sub20sub21
C_356894N1191228W001	0.002678702	0.997061974	0.000001354	0.000251497	6.4736E-06	2	2	sub19sub20sub21
C_356961N1193484W001	1.41E-08	0.000003289	4.84951E-05	8.3315E-06	0.99993987	5	5	sub19sub20sub21
C_356967N1193840W001	0.000120805	0.001065501	0.004678018	0.002920555	0.991215121	5	5	sub19sub20sub21
C_356986N1191162W001	5.43319E-05	0.001345146	0.001949445	0.00000329	0.996647787	5	5	sub19sub20sub21
C_357106N1193570W001	0.763581868	0.235508296	0.000162009	0.000711945	3.58821E-05	1	1	sub19sub20sub21
C_357211N1193662W001	0.105285416	0.801810878	0.027425076	0.025622574	0.039856056	2	2	sub19sub20sub21
C_357283N1191698W001	0.726144196	0.004481697	0.199589007	0.001280418	0.068504683	1	1	sub19sub20sub21
C_357469N1191838W001	0.000116779	1.60252E-05	0.865554281	3.99649E-05	0.13427295	3	3	sub19sub20sub21
C_357469N1191838W002	0.996993672	0.001640818	0.000367472	0.000135468	0.00086257	1	1	sub19sub20sub21
C_357719N1193312W001	0.121444711	0.026145241	0.070110484	0.157590375	0.624709189	5	5	sub19sub20sub21
C_357781N1190720W001	0.000011198	0.35025412	0.000252073	2.2781E-06	0.649480331	5	5	sub19sub20sub21
C_357875N1190415W001	0.000550808	0.004463213	0.06757752	0.000162096	0.927246363	5	5	sub19sub20sub21
C_357944N1190845W001	2.3659E-06	0.00401081	0.00127854	3.06225E-05	0.994677662	5	5	sub19sub20sub21
C_357978N1190798W001	4.495E-07	0.001489244	0.000291938	8.518E-07	0.998217517	5	5	sub19sub20sub21
C_358125N1191017W001	1.51166E-05	0.025954927	0.004461452	6.03955E-05	0.969508108	5	5	sub19sub20sub21
C_358231N1190820W001	0.002385759	0.252220085	0.002924403	0.000868086	0.741601667	5	5	sub19sub20sub21
C_358300N1190906W001	0.000622645	0.998557418	7.25578E-05	0.000010514	0.000736865	2	2	sub19sub20sub21
C_358303N1190990W001	0.004890699	0.989839329	0.000856996	0.000982009	0.003430966	2	2	sub19sub20sub21
C_358339N1190895W001	0.010981996	0.988951617	1.77931E-05	7.0334E-06	4.15611E-05	2	2	sub19sub20sub21
C_358378N1190715W001	0.000006503	0.009083365	0.002209297	2.34197E-05	0.988677415	5	5	sub19sub20sub21
C_358561N1190806W001	2.29182E-05	0.662532002	0.002110222	5.48837E-05	0.335279974	2	2	sub19sub20sub21
C_358564N1191081W001	0.0050181	0.35613837	0.349960201	0.013054866	0.275828463	2	2	sub19sub20sub21
C_358583N1190501W002	0.015196556	0.871091518	0.006067351	0.036074514	0.071570061	2	2	sub19sub20sub21
C_358658N1191081W001	0.000115265	0.998759462	0.000016641	2.11495E-05	0.001087483	2	2	sub19sub20sub21
C_358811N1191084W001	1.09293E-05	0.011688607	0.000801252	5.8253E-06	0.987493386	5	5	sub19sub20sub21
C_358833N1190792W001	0.001212875	0.007156104	0.293501775	0.002253898	0.695875349	5	5	sub19sub20sub21
C_358850N1191037W001	8.33805E-05	0.056820573	0.001429522	4.13455E-05	0.941625179	5	5	sub19sub20sub21
C_358883N1191103W001	8.76337E-05	0.87255949	0.002661739	6.04272E-05	0.12463071	2	2	sub19sub20sub21
C_358886N1190809W001	3.10415E-05	0.133515597	0.004995587	0.000134326	0.861323448	5	5	sub19sub20sub21
C_358908N1190815W001	0.000350995	0.824731742	0.001416332	0.000188188	0.173312744	2	2	sub19sub20sub21
