name	clus_1	clus_2	clus_3	memb	i.cluster	subregion
C_367805N1203718W001	0.98581332	0.002907624	0.011279056	1	1	sub10
C_368510N1205996W001	0.964254106	0.02027769	0.015468204	1	1	sub10
C_368716N1207366W001	0.001748127	0.993160424	0.005091449	2	2	sub10
C_369299N1206860W001	0.493649992	0.323319733	0.183030275	1	1	sub10
C_369477N1206907W001	0.956129725	0.042975447	0.000894829	1	1	sub10
C_369482N1206907W001	0.909137443	0.015167834	0.075694724	1	1	sub10
C_369485N1206907W001	0.000821208	0.028069036	0.971109756	3	3	sub10
C_369549N1208371W001	0.000183408	0.008445699	0.991370893	3	3	sub10
C_369618N1208460W001	0.002201791	0.0000063	0.997791909	3	3	sub10
C_369680N1208463W001	0.000188776	0.002857954	0.996953269	3	3	sub10
C_369691N1208427W001	7.079E-07	4.5179E-06	0.999994774	3	3	sub10
C_369696N1208527W001	0.004030146	0.012265268	0.983704587	3	3	sub10
C_369760N1208485W001	0.011672927	0.000269242	0.988057831	3	3	sub10
C_369768N1208002W001	0.000365787	0.000499844	0.99913437	3	3	sub10
C_369857N1207177W001	0.998949152	0.001016483	3.43646E-05	1	1	sub10
C_369857N1207177W003	0.960488867	0.007682204	0.031828929	1	1	sub10
C_369907N1208827W001	3.03E-08	1.011E-07	0.999999869	3	3	sub10
C_369952N1208191W001	0.000167626	0.005945581	0.993886793	3	3	sub10
C_369980N1208852W001	3.04E-08	1.448E-07	0.999999825	3	3	sub10
C_369982N1207813W001	0.008917503	0.389500468	0.601582029	3	3	sub10
C_369982N1208671W001	1.195E-07	6.898E-07	0.999999191	3	3	sub10
C_369985N1208766W001	0.001910102	0.000025132	0.998064766	3	3	sub10
C_369985N1208863W001	0.000000118	9.356E-07	0.999998946	3	3	sub10
C_369988N1208638W001	9.87935E-05	1.3954E-06	0.999899811	3	3	sub10
C_370005N1208429W001	3.282E-07	1.21494E-05	0.999987522	3	3	sub10
C_370013N1208499W001	5.7E-09	9.67E-08	0.999999898	3	3	sub10
C_370021N1208713W001	3.6E-09	7.17E-08	0.999999925	3	3	sub10
C_370021N1209010W001	8.2E-09	4.8E-09	0.999999987	3	3	sub10
C_370024N1209071W001	9.01183E-05	2.04902E-05	0.999889392	3	3	sub10
C_370060N1208363W001	0.000386652	0.468451928	0.53116142	3	3	sub10
C_370060N1208821W001	0.070641065	0.000138897	0.929220038	3	3	sub10
C_370060N1208904W001	2.3E-09	0.000824042	0.999175956	3	3	sub10
C_370102N1208907W001	1.32102E-05	0.022328227	0.977658563	3	3	sub10
C_370130N1207991W001	0.036189395	0.573436351	0.390374254	2	2	sub10
C_370132N1208329W001	6.8E-09	1.6926E-06	0.999998301	3	3	sub10
C_370185N1208416W001	2.233E-07	2.274E-07	0.999999549	3	3	sub10
C_370185N1208904W001	4.45026E-05	3.283E-07	0.999955169	3	3	sub10
C_370196N1209007W001	7.75686E-05	0.02319188	0.976730552	3	3	sub10
C_370216N1208746W001	4.42E-08	4.212E-07	0.999999535	3	3	sub10
C_370268N1208774W001	0.000001626	4.0888E-06	0.999994285	3	3	sub10
C_370271N1208571W001	4.3534E-06	3.7849E-06	0.999991862	3	3	sub10
C_370271N1208654W001	0	5.9E-09	0.999999994	3	3	sub10
C_370277N1208968W001	0.003380153	4.31101E-05	0.996576737	3	3	sub10
C_370307N1209082W001	2.88673E-05	0.759882483	0.24008865	2	2	sub10
C_370327N1206185W001	0.006487226	0.990603664	0.00290911	2	2	sub10
C_370327N1206310W001	0.023676812	0.972421054	0.003902134	2	2	sub10
C_370332N1208399W001	5.128E-07	0.000002314	0.999997173	3	3	sub10
C_370368N1208502W001	1.5E-09	6.6E-09	0.999999992	3	3	sub10
C_370391N1206385W001	0.99873436	0.000960063	0.000305577	1	1	sub10
C_370413N1208929W001	0.00010854	0.999695248	0.000196213	2	2	sub10
C_370416N1208127W001	0.000696099	0.000557339	0.998746562	3	3	sub10
C_370424N1208816W001	6.36E-08	5.00331E-05	0.999949903	3	3	sub10
C_370443N1209129W001	0.000137382	0.999766883	9.57344E-05	2	2	sub10
C_370463N1208554W001	1.92005E-05	0.000593527	0.999387273	3	3	sub10
C_370513N1208938W001	8.8691E-06	0.004248582	0.995742549	3	3	sub10
C_370543N1206316W001	0.01897946	0.977655292	0.003365248	2	2	sub10
C_370599N1206118W001	0.996492431	0.002575001	0.000932568	1	1	sub10
C_370605N1208038W001	0.989060295	0.000386316	0.010553389	1	1	sub10
C_370610N1208904W001	0.985385288	0.00097911	0.013635603	1	1	sub10
C_370630N1209266W001	0.407886788	0.088291187	0.503822025	3	3	sub10
C_370643N1207088W001	0.007120882	0.991712818	0.0011663	2	2	sub10
C_370649N1206818W001	0.000231106	0.999260912	0.000507982	2	2	sub10
C_370655N1209118W001	0.869483755	0.001154009	0.129362236	1	1	sub10
C_370655N1209485W001	0.00932237	0.895169939	0.095507691	2	2	sub10
C_370660N1207963W001	0.999878321	8.24484E-05	0.000039231	1	1	sub10
C_370716N1208260W001	0.991510814	0.000190225	0.008298961	1	1	sub10
C_370727N1209491W001	0.073591567	0.772808407	0.153600026	2	2	sub10
C_370755N1209260W002	0.995814315	9.77661E-05	0.004087919	1	1	sub10
C_370768N1208074W001	0.999979513	1.31126E-05	7.3741E-06	1	1	sub10
C_370835N1206363W001	0.99582288	0.003727977	0.000449144	1	1	sub10
C_370843N1208527W001	0.205098304	0.283134433	0.511767262	3	3	sub10
C_370849N1206110W001	0.079451519	0.899716159	0.020832323	2	2	sub10
C_370860N1206774W001	0.002342267	0.996575265	0.001082468	2	2	sub10
C_370866N1208993W001	0.999920788	4.70624E-05	3.21494E-05	1	1	sub10
C_370877N1207479W001	0.999867059	0.000108623	2.43185E-05	1	1	sub10
C_370880N1209257W001	0.986093834	0.007400362	0.006505804	1	1	sub10
C_370899N1208316W001	0.992328533	0.000190221	0.007481246	1	1	sub10
C_370916N1208427W001	0.999997329	4.858E-07	2.1856E-06	1	1	sub10
C_370943N1209252W001	0.52205828	0.087607877	0.390333843	1	1	sub10
C_370963N1209238W001	0.364791733	0.387818491	0.247389776	2	2	sub10
C_370980N1206896W001	0.006699259	0.9920053	0.001295441	2	2	sub10
C_370993N1208213W001	0.999847407	4.14275E-05	0.000111165	1	1	sub10
C_370993N1208571W001	0.999915995	0.00002836	5.56451E-05	1	1	sub10
C_370999N1207441W001	0.000228283	0.99972081	5.09079E-05	2	2	sub10
C_371002N1208574W001	0.999921382	5.37558E-05	2.48623E-05	1	1	sub10
C_371032N1206357W001	0.890292775	0.060057441	0.049649784	1	1	sub10
C_371071N1207807W001	0.941511368	0.054318479	0.004170153	1	1	sub10
C_371180N1207077W001	0.660221498	0.326510185	0.013268317	1	1	sub10
C_371216N1209616W001	0.005252514	0.958998864	0.035748622	2	2	sub10
C_371224N1208710W001	0.999801284	0.000132772	6.59442E-05	1	1	sub10
C_371246N1207077W001	0.961533801	0.027202848	0.011263351	1	1	sub10
C_371266N1209477W001	0.999258421	0.000717333	2.42462E-05	1	1	sub10
C_371363N1209524W001	0.000277208	0.973027821	0.026694972	2	2	sub10
C_371466N1210316W001	0.00064748	0.996431454	0.002921066	2	2	sub10
C_371646N1210143W001	0.099466955	0.127545879	0.772987166	3	3	sub10
C_371660N1209854W001	0.992392348	0.003197679	0.004409974	1	1	sub10
C_371871N1209707W001	0.879930154	0.012148935	0.107920911	1	1	sub10
C_371974N1209668W001	0.968890132	0.028963773	0.002146095	1	1	sub10
C_372110N1209213W001	0.943724975	0.054425926	0.001849098	1	1	sub10
C_372132N1209027W001	0.932949487	0.041941908	0.025108605	1	1	sub10
C_372171N1209943W001	0.965033439	0.033351408	0.001615153	1	1	sub10
C_372213N1209754W001	0.999171669	0.000815844	1.24875E-05	1	1	sub10
C_372313N1209016W001	0.93850457	0.060666606	0.000828825	1	1	sub10
C_372313N1210657W001	0.000353736	0.823532555	0.176113709	2	2	sub10
C_372327N1209407W001	0.4177479	0.000443266	0.581808834	3	3	sub10
C_372377N1210752W001	7.3378E-06	0.006867923	0.99312474	3	3	sub10
C_372424N1210754W001	0.00180002	0.989877402	0.008322578	2	2	sub10
C_372588N1209788W001	0.999998898	6.443E-07	4.573E-07	1	1	sub10
C_372832N1210649W001	7.9181E-06	3.0709E-06	0.999989011	3	3	sub10
C_372852N1210496W001	0.416516359	0.107552118	0.475931524	3	3	sub10
C_372891N1209899W001	0.999971626	1.42867E-05	1.40874E-05	1	1	sub10
C_373021N1210427W001	3.64856E-05	0.999693595	0.000269919	2	2	sub10
C_373046N1209938W001	0.997908406	1.05881E-05	0.002081006	1	1	sub10
C_373277N1210660W001	9.9346E-06	3.557E-07	0.99998971	3	3	sub10
C_373291N1210491W001	0.000251968	1.60654E-05	0.999731966	3	3	sub10
C_373410N1210991W001	0.000169945	0.396900975	0.60292908	3	3	sub10
C_373435N1210027W001	1.49764E-05	0.000007923	0.999977101	3	3	sub10
C_373477N1209793W001	0.987494775	0.011931786	0.000573439	1	1	sub10
C_373502N1210191W001	8.095E-07	1.91E-08	0.999999171	3	3	sub10
C_373535N1210013W001	0.980501099	0.015162759	0.004336142	1	1	sub10
C_373552N1211010W001	7.8641E-06	2.4532E-06	0.999989683	3	3	sub10
C_373674N1210846W001	0.000143031	0.067405699	0.932451271	3	3	sub10
C_373818N1210154W001	0.999966551	8.151E-07	3.26341E-05	1	1	sub10
C_373843N1211054W001	2.531E-07	0.00021265	0.999787097	3	3	sub10
C_374010N1210349W001	0.999883234	1.39896E-05	0.000102776	1	1	sub10
C_374052N1210671W001	0.000262729	0.150022204	0.849715067	3	3	sub10
C_374135N1210282W001	0.997786003	0.001395239	0.000818758	1	1	sub10
C_374257N1210277W001	0.993031664	0.005552089	0.001416247	1	1	sub10
C_374868N1211413W001	0.000159478	0.090591076	0.909249447	3	3	sub10
C_375007N1211816W001	3.06909E-05	0.018182546	0.981786763	3	3	sub10
C_376127N1213219W001	0.000275397	0.970054017	0.029670586	2	2	sub10
C_376619N1212848W001	0.062053378	0.744633236	0.193313386	2	2	sub10
C_376622N1212916W001	0.174028619	0.766683261	0.05928812	2	2	sub10
