name	clus_1	clus_2	clus_3	memb	i.cluster	subregion
C_357939N1192415W001	0.766724822	0.226257366	0.007017812	1	1	sub16sub17sub18
C_357944N1192145W001	0.999875843	1.22442E-05	0.000111913	1	1	sub16sub17sub18
C_357986N1193670W001	0.00008468	0.998724469	0.001190851	2	2	sub16sub17sub18
C_358019N1192326W001	0.017780518	0.957222459	0.024997024	2	2	sub16sub17sub18
C_358103N1193251W001	0.931654225	0.04737781	0.020967965	1	1	sub16sub17sub18
C_358192N1193178W001	0.014761987	0.97234242	0.012895593	2	2	sub16sub17sub18
C_358194N1194649W002	0.041735119	0.070969383	0.887295498	3	3	sub16sub17sub18
C_358231N1191126W001	0.002297225	0.997332878	0.000369897	2	2	sub16sub17sub18
C_358344N1191612W001	0.999997499	1.36E-08	2.4869E-06	1	1	sub16sub17sub18
C_358347N1194649W001	0.048875316	0.036950229	0.914174455	3	3	sub16sub17sub18
C_358425N1192237W001	0.075886348	0.917576963	0.006536689	2	2	sub16sub17sub18
C_358456N1191215W001	5.85655E-05	0.999683798	0.000257636	2	2	sub16sub17sub18
C_358494N1192287W001	0.008120523	0.989934373	0.001945104	2	2	sub16sub17sub18
C_358561N1192948W001	0.000380106	0.997006363	0.002613531	2	2	sub16sub17sub18
C_358625N1191442W001	0.000232016	0.999736346	3.16381E-05	2	2	sub16sub17sub18
C_358625N1193756W001	2.11075E-05	0.996747269	0.003231624	2	2	sub16sub17sub18
C_358650N1191262W001	2.7224E-06	0.999959496	3.77822E-05	2	2	sub16sub17sub18
C_358650N1191537W001	0.012914336	0.983885799	0.003199865	2	2	sub16sub17sub18
C_358667N1191703W001	0.151916641	0.804760047	0.043323313	2	2	sub16sub17sub18
C_358703N1191287W001	0.001019368	0.998591818	0.000388814	2	2	sub16sub17sub18
C_358711N1193926W001	0.001372637	0.997617226	0.001010137	2	2	sub16sub17sub18
C_358731N1191167W001	5.83357E-05	0.999497808	0.000443857	2	2	sub16sub17sub18
C_358758N1191437W001	4.56992E-05	0.999817829	0.000136472	2	2	sub16sub17sub18
C_358778N1191517W001	0.999975073	0.000010695	1.42318E-05	1	1	sub16sub17sub18
C_358789N1194832W001	0.001617807	0.588710662	0.409671531	2	2	sub16sub17sub18
C_358806N1194463W001	9.1943E-06	0.998680694	0.001310112	2	2	sub16sub17sub18
C_358842N1191170W001	9.7564E-06	0.999981219	9.0247E-06	2	2	sub16sub17sub18
C_358842N1191176W001	1.49846E-05	0.99992507	5.99454E-05	2	2	sub16sub17sub18
C_358850N1192862W001	0.012076463	0.982526792	0.005396746	2	2	sub16sub17sub18
C_358856N1191265W001	0.000269994	0.998965252	0.000764755	2	2	sub16sub17sub18
C_358872N1194463W001	0.004566908	0.393348592	0.602084501	3	3	sub16sub17sub18
C_358881N1190581W001	0.000692011	0.998463375	0.000844615	2	2	sub16sub17sub18
C_358883N1190948W001	0.015925549	0.980088204	0.003986247	2	2	sub16sub17sub18
C_358911N1193406W001	0.045803572	0.883647978	0.07054845	2	2	sub16sub17sub18
C_358911N1194866W001	0.307821253	0.679050035	0.013128712	2	2	sub16sub17sub18
C_358947N1194468W001	0.086593188	0.252511413	0.660895399	3	3	sub16sub17sub18
C_358950N1191142W001	0.000175544	0.999694228	0.000130229	2	2	sub16sub17sub18
C_358956N1192017W001	0.999998384	5.59E-08	1.5599E-06	1	1	sub16sub17sub18
C_358972N1194070W001	0.967930893	0.004744675	0.027324432	1	1	sub16sub17sub18
C_358986N1194466W001	0.002098864	0.190923978	0.806977159	3	3	sub16sub17sub18
C_359019N1192790W001	0.994669143	3.063E-07	0.005330551	1	1	sub16sub17sub18
C_359025N1193040W001	0.92273715	0.065918795	0.011344055	1	1	sub16sub17sub18
C_359125N1194468W001	0.18073063	0.354761589	0.464507782	3	3	sub16sub17sub18
C_359169N1191262W001	0.000731106	0.999171993	9.69019E-05	2	2	sub16sub17sub18
C_359211N1193756W002	0.781122676	0.179893557	0.038983767	1	1	sub16sub17sub18
C_359211N1193756W003	0.000125519	0.996347032	0.00352745	2	2	sub16sub17sub18
C_359247N1191620W001	0.097334987	0.792409547	0.110255466	2	2	sub16sub17sub18
C_359269N1190495W001	0.087641063	0.906090399	0.006268538	2	2	sub16sub17sub18
C_359408N1191081W001	0.022177722	0.962924117	0.014898162	2	2	sub16sub17sub18
C_359428N1190623W001	0.00048418	0.998587073	0.000928747	2	2	sub16sub17sub18
C_359428N1192606W001	0.166185906	0.794869554	0.03894454	2	2	sub16sub17sub18
C_359636N1194782W001	0.054309727	0.006581807	0.939108466	3	3	sub16sub17sub18
C_359650N1190181W001	0.368685488	0.458180871	0.173133641	2	2	sub16sub17sub18
C_359675N1192778W001	0.997853244	0.001652903	0.000493854	1	1	sub16sub17sub18
C_359678N1190626W001	0.00042597	0.99769843	0.0018756	2	2	sub16sub17sub18
C_359722N1191612W001	0.999999986	0	1.42E-08	1	1	sub16sub17sub18
C_359725N1191437W001	0.899729259	4.015E-07	0.10027034	1	1	sub16sub17sub18
C_359731N1193401W001	0.999798643	5.5027E-06	0.000195854	1	1	sub16sub17sub18
C_359736N1192151W001	0.999683048	0.000192057	0.000124895	1	1	sub16sub17sub18
C_359750N1189912W001	0.000359829	0.999184064	0.000456107	2	2	sub16sub17sub18
C_359767N1190070W001	0.001136872	0.996108659	0.002754468	2	2	sub16sub17sub18
C_359856N1190195W001	0.005240684	0.990884281	0.003875035	2	2	sub16sub17sub18
C_359861N1190003W001	0.155605183	0.023135183	0.821259634	3	3	sub16sub17sub18
C_359928N1193498W001	0.999960678	4.3524E-06	3.49694E-05	1	1	sub16sub17sub18
C_359931N1193578W001	0.998905241	1.06767E-05	0.001084083	1	1	sub16sub17sub18
C_360036N1192684W001	0.99709351	0.001300446	0.001606044	1	1	sub16sub17sub18
C_360075N1190062W001	0.010363913	0.92766069	0.061975398	2	2	sub16sub17sub18
C_360078N1191084W001	0.00344775	0.00014833	0.99640392	3	3	sub16sub17sub18
C_360083N1191090W001	0.000096664	1.30813E-05	0.999890255	3	3	sub16sub17sub18
C_360086N1190181W001	2.4114E-06	0.999778831	0.000218758	2	2	sub16sub17sub18
C_360097N1192506W001	0.811106948	0.168356603	0.020536449	1	1	sub16sub17sub18
C_360208N1191703W001	0.999999999	0	1.4E-09	1	1	sub16sub17sub18
C_360208N1191820W001	0.053671448	0.649053165	0.297275387	2	2	sub16sub17sub18
C_360219N1190040W001	0.000846742	0.994353258	0.0048	2	2	sub16sub17sub18
C_360219N1191165W001	0.563429403	4.015E-07	0.436570195	1	1	sub16sub17sub18
C_360219N1193842W001	0.999999935	0.000000001	6.44E-08	1	1	sub16sub17sub18
C_360222N1189865W001	0.023471545	0.968472468	0.008055986	2	2	sub16sub17sub18
C_360222N1191256W001	0.999954119	1E-10	4.58806E-05	1	1	sub16sub17sub18
C_360244N1189998W001	2.96413E-05	0.999367009	0.000603349	2	2	sub16sub17sub18
C_360269N1191617W001	0.999999905	0	9.53E-08	1	1	sub16sub17sub18
C_360278N1191437W001	0.999999865	0	1.348E-07	1	1	sub16sub17sub18
C_360292N1191976W001	0.999999985	2E-10	0.000000015	1	1	sub16sub17sub18
C_360339N1191978W001	0.999999998	2E-10	1.9E-09	1	1	sub16sub17sub18
C_360342N1193403W001	0.999932449	0.000004237	6.33137E-05	1	1	sub16sub17sub18
C_360344N1191076W001	0.011959506	0.000000379	0.988040115	3	3	sub16sub17sub18
C_360361N1191690W001	1	0	3E-10	1	1	sub16sub17sub18
C_360367N1190892W001	0.005231849	0.981565976	0.013202175	2	2	sub16sub17sub18
C_360369N1190006W001	0.000416376	0.980415047	0.019168577	2	2	sub16sub17sub18
C_360369N1193578W001	0.999969075	1.315E-07	3.07931E-05	1	1	sub16sub17sub18
C_360397N1189537W001	0.000053991	0.830305576	0.169640433	2	2	sub16sub17sub18
C_360439N1189776W001	0.001123916	0.996204548	0.002671537	2	2	sub16sub17sub18
C_360469N1192240W001	0.999999982	2E-10	1.74E-08	1	1	sub16sub17sub18
C_360472N1189301W001	0.000472342	0.996708002	0.002819656	2	2	sub16sub17sub18
C_360472N1191434W001	0.999999993	0	6.7E-09	1	1	sub16sub17sub18
C_360475N1194379W001	0.706701072	1.04E-08	0.293298918	1	1	sub16sub17sub18
C_360478N1189309W001	0.000237005	0.997714608	0.002048387	2	2	sub16sub17sub18
C_360506N1194588W001	2.615E-07	0.000000011	0.999999728	3	3	sub16sub17sub18
C_360511N1191881W002	0.999999999	0	1.3E-09	1	1	sub16sub17sub18
C_360550N1190890W001	0.413411362	3.5876E-06	0.586585051	3	3	sub16sub17sub18
C_360561N1195060W001	0.002090843	1.208E-07	0.997909037	3	3	sub16sub17sub18
C_360569N1193756W001	0.999939495	1.22E-08	6.04926E-05	1	1	sub16sub17sub18
C_360650N1193935W001	0.999938998	3E-10	6.10014E-05	1	1	sub16sub17sub18
C_360653N1194285W002	0.582816412	3.63718E-05	0.417147216	1	1	sub16sub17sub18
C_360653N1194285W003	0.415721017	0.010976004	0.573302979	3	3	sub16sub17sub18
C_360667N1192684W001	0.9719365	0.001593057	0.026470443	1	1	sub16sub17sub18
C_360731N1194027W001	0.989887557	0.00003618	0.010076263	1	1	sub16sub17sub18
C_360767N1193217W001	0.999992023	1.659E-07	7.8112E-06	1	1	sub16sub17sub18
C_360767N1193762W001	0.99999321	0	6.7905E-06	1	1	sub16sub17sub18
C_360772N1190067W001	2.41986E-05	0.974932181	0.025043621	2	2	sub16sub17sub18
C_360772N1190801W001	0.197985734	0.000207036	0.80180723	3	3	sub16sub17sub18
C_360778N1192684W001	0.996353388	0.000459502	0.00318711	1	1	sub16sub17sub18
C_360806N1190359W001	0.01081606	0.985442918	0.003741022	2	2	sub16sub17sub18
C_360839N1191931W001	0.995876756	0.000000009	0.004123235	1	1	sub16sub17sub18
C_360839N1191970W001	0.123583927	0.000000038	0.876416036	3	3	sub16sub17sub18
C_360842N1194085W001	0.999999921	0	7.87E-08	1	1	sub16sub17sub18
C_360847N1189881W001	0.113717411	0.274366902	0.611915687	3	3	sub16sub17sub18
C_360867N1190120W001	0.000200628	0.96667884	0.033120532	2	2	sub16sub17sub18
C_360867N1193759W001	0.999953806	0	0.000046194	1	1	sub16sub17sub18
C_360906N1194649W001	0.995643057	3.251E-07	0.004356618	1	1	sub16sub17sub18
C_360931N1191437W001	0.000253026	8.32E-08	0.999746891	3	3	sub16sub17sub18
C_360942N1193048W001	0.999127964	5.00204E-05	0.000822015	1	1	sub16sub17sub18
C_360944N1191562W001	1.25679E-05	7E-10	0.999987432	3	3	sub16sub17sub18
C_360972N1193492W001	0.017864951	1.679E-07	0.982134881	3	3	sub16sub17sub18
C_360978N1193492W001	0.029849365	0.764412054	0.205738582	2	2	sub16sub17sub18
C_361039N1189515W001	0.000227937	0.771626647	0.228145417	2	2	sub16sub17sub18
C_361078N1191476W001	9.3349E-06	7.9E-09	0.999990657	3	3	sub16sub17sub18
C_361086N1194118W001	0.999999625	1.305E-07	0.000000245	1	1	sub16sub17sub18
C_361089N1194293W001	0.999993626	1.5537E-06	4.8206E-06	1	1	sub16sub17sub18
C_361089N1194560W001	0.999995415	0.000000011	4.5744E-06	1	1	sub16sub17sub18
C_361092N1191612W001	6.8064E-06	6.447E-07	0.999992549	3	3	sub16sub17sub18
C_361097N1192545W001	0.003250197	0.000561458	0.996188346	3	3	sub16sub17sub18
C_361156N1195191W001	0.999969258	7.16E-08	3.06703E-05	1	1	sub16sub17sub18
C_361161N1194654W001	0.999999985	0	1.48E-08	1	1	sub16sub17sub18
C_361164N1191390W001	0.946340591	2.8503E-06	0.053656559	1	1	sub16sub17sub18
C_361164N1191698W001	5.04321E-05	7.11E-08	0.999949497	3	3	sub16sub17sub18
C_361189N1190595W001	0.054647014	0.000000004	0.945352982	3	3	sub16sub17sub18
C_361203N1190462W001	0.000010291	0.000000022	0.999989687	3	3	sub16sub17sub18
C_361203N1191565W001	0.000665831	1.07E-08	0.999334158	3	3	sub16sub17sub18
C_361211N1190331W001	5.053E-07	4.1816E-06	0.999995313	3	3	sub16sub17sub18
C_361219N1191776W001	0.000116308	2.95E-08	0.999883662	3	3	sub16sub17sub18
C_361239N1190351W001	0.000002858	0.000163559	0.999833583	3	3	sub16sub17sub18
C_361239N1190942W001	0.999997884	3E-10	2.1153E-06	1	1	sub16sub17sub18
C_361239N1191076W001	0.999965783	4.8E-09	3.42127E-05	1	1	sub16sub17sub18
C_361239N1191887W001	0.000469666	0.000000041	0.999530293	3	3	sub16sub17sub18
C_361244N1191967W001	0.022356421	4.5259E-06	0.977639053	3	3	sub16sub17sub18
C_361256N1191009W001	0.999996299	1.5E-09	3.6994E-06	1	1	sub16sub17sub18
C_361264N1191473W001	0.999630285	1.16E-08	0.000369704	1	1	sub16sub17sub18
C_361272N1191167W001	0.999987894	3.1E-09	1.21028E-05	1	1	sub16sub17sub18
C_361278N1191309W001	0.996563108	1.94212E-05	0.003417471	1	1	sub16sub17sub18
C_361303N1190415W001	1.748E-07	3.331E-07	0.999999492	3	3	sub16sub17sub18
C_361303N1193665W001	0.013961163	0.925656083	0.060382755	2	2	sub16sub17sub18
C_361311N1190603W001	0.002535978	1.7245E-06	0.997462298	3	3	sub16sub17sub18
C_361319N1192151W001	0.771929316	1.048E-07	0.228070579	1	1	sub16sub17sub18
C_361319N1193938W001	0.959407743	0.033111358	0.0074809	1	1	sub16sub17sub18
C_361325N1190631W001	0.000120839	1.73E-08	0.999879143	3	3	sub16sub17sub18
C_361328N1192237W001	0.00855211	5.643E-07	0.991447326	3	3	sub16sub17sub18
C_361333N1191703W001	0.999780742	9.15E-08	0.000219167	1	1	sub16sub17sub18
C_361344N1190520W001	1.3185E-06	1.0058E-06	0.999997676	3	3	sub16sub17sub18
C_361353N1191970W001	0.000631165	8E-10	0.999368834	3	3	sub16sub17sub18
C_361378N1191256W001	0.999827357	4.351E-07	0.000172208	1	1	sub16sub17sub18
C_361378N1191642W001	0.99992182	6.08E-08	7.81191E-05	1	1	sub16sub17sub18
C_361381N1191434W001	0.999999996	0	4.1E-09	1	1	sub16sub17sub18
C_361381N1192237W001	0.986047844	9.92E-08	0.013952057	1	1	sub16sub17sub18
C_361386N1191412W001	0.999999858	3E-10	1.416E-07	1	1	sub16sub17sub18
C_361389N1191253W001	0.999958459	3.62E-08	4.15051E-05	1	1	sub16sub17sub18
C_361394N1191631W001	0.999844498	6E-10	0.000155501	1	1	sub16sub17sub18
C_361397N1194021W001	0.998676945	3.57021E-05	0.001287353	1	1	sub16sub17sub18
C_361419N1191581W001	0.99999833	0	1.6697E-06	1	1	sub16sub17sub18
C_361422N1192598W001	0.997486444	7.95953E-05	0.00243396	1	1	sub16sub17sub18
C_361425N1189562W001	0.000354884	0.970261344	0.029383773	2	2	sub16sub17sub18
C_361450N1190940W001	0.037362165	2.2499E-06	0.962635586	3	3	sub16sub17sub18
C_361450N1191434W001	0.999998476	6.12E-08	1.4632E-06	1	1	sub16sub17sub18
C_361458N1192323W001	0.999999998	0	1.6E-09	1	1	sub16sub17sub18
C_361461N1191165W001	0.991935053	1.261E-07	0.008064821	1	1	sub16sub17sub18
C_361492N1191873W001	0.999999643	1E-10	0.000000357	1	1	sub16sub17sub18
C_361497N1195296W001	0.997246145	4.875E-07	0.002753367	1	1	sub16sub17sub18
C_361519N1191253W001	0.921179382	0.000214076	0.078606542	1	1	sub16sub17sub18
C_361519N1191612W001	0.999350086	0.00000138	0.000648534	1	1	sub16sub17sub18
C_361522N1191706W001	0	0	0	2	2	sub16sub17sub18
C_361531N1191887W001	0.999998532	3.1E-09	1.4651E-06	1	1	sub16sub17sub18
C_361533N1190645W001	4.0742E-06	6.15E-08	0.999995864	3	3	sub16sub17sub18
C_361539N1191662W001	0.999999995	0	5.2E-09	1	1	sub16sub17sub18
C_361544N1191098W001	0.025758339	3.84683E-05	0.974203193	3	3	sub16sub17sub18
C_361547N1191187W001	0.197192455	1.81189E-05	0.802789426	3	3	sub16sub17sub18
C_361564N1190048W001	0.000142606	0.954024839	0.045832556	2	2	sub16sub17sub18
C_361564N1191862W001	0.999999981	0	1.95E-08	1	1	sub16sub17sub18
C_361592N1191812W001	0.999468033	5.7549E-06	0.000526212	1	1	sub16sub17sub18
C_361603N1191706W001	0.999996469	1.69E-08	3.5139E-06	1	1	sub16sub17sub18
C_361606N1190992W001	8.0629E-06	4.73E-08	0.99999189	3	3	sub16sub17sub18
C_361606N1192601W001	0.999993138	4.89E-08	6.8126E-06	1	1	sub16sub17sub18
C_361617N1190276W001	0.00042163	0.614997412	0.384580958	2	2	sub16sub17sub18
C_361619N1190812W001	0.000240167	6.765E-07	0.999759157	3	3	sub16sub17sub18
C_361619N1191056W001	0.000114428	7.98E-08	0.999885492	3	3	sub16sub17sub18
C_361622N1191234W001	0.880256104	5.0242E-06	0.119738871	1	1	sub16sub17sub18
C_361633N1194479W001	0.999999273	1.53E-08	7.114E-07	1	1	sub16sub17sub18
C_361639N1191312W001	0.999992817	4E-10	7.1826E-06	1	1	sub16sub17sub18
C_361661N1194727W001	0.999999999	0	6E-10	1	1	sub16sub17sub18
C_361672N1191145W001	0.038529393	5.0728E-06	0.961465535	3	3	sub16sub17sub18
C_361672N1191351W001	0.99997561	2.39E-08	2.43663E-05	1	1	sub16sub17sub18
C_361672N1193885W001	0.999521201	2.28047E-05	0.000455994	1	1	sub16sub17sub18
C_361686N1190817W001	4.331E-07	6.888E-07	0.999998878	3	3	sub16sub17sub18
C_361703N1191173W001	0.358590526	6.87969E-05	0.641340677	3	3	sub16sub17sub18
C_361708N1190995W001	2.08934E-05	5.239E-07	0.999978583	3	3	sub16sub17sub18
C_361708N1191306W001	0.132195027	0.000243001	0.867561972	3	3	sub16sub17sub18
C_361711N1191442W001	0.994669882	7.02924E-05	0.005259825	1	1	sub16sub17sub18
C_361714N1191709W001	0.999999948	0.000000003	4.89E-08	1	1	sub16sub17sub18
C_361744N1191084W002	6.87025E-05	1.6171E-06	0.99992968	3	3	sub16sub17sub18
C_361744N1191084W003	0.000169788	0.987223086	0.012607126	2	2	sub16sub17sub18
C_361747N1190898W001	0.000102457	0.001011116	0.998886427	3	3	sub16sub17sub18
C_361753N1191173W001	0.001520786	2.4245E-06	0.99847679	3	3	sub16sub17sub18
C_361756N1193140W001	0.999953861	2.6735E-06	4.34654E-05	1	1	sub16sub17sub18
C_361769N1190787W001	1.6356E-06	1.592E-07	0.999998205	3	3	sub16sub17sub18
C_361778N1190995W001	8.2545E-06	1.5729E-06	0.999990173	3	3	sub16sub17sub18
C_361783N1191309W001	0.538248616	0.003686203	0.458065181	1	1	sub16sub17sub18
C_361811N1191398W001	0.998697928	3.262E-07	0.001301746	1	1	sub16sub17sub18
C_361817N1191128W001	0.000198963	0.000168609	0.999632427	3	3	sub16sub17sub18
C_361819N1190973W001	6.679E-07	0.000001622	0.99999771	3	3	sub16sub17sub18
C_361853N1191020W001	0.000470246	2.55927E-05	0.999504161	3	3	sub16sub17sub18
C_361853N1191551W001	0.999946664	7.6456E-06	4.56901E-05	1	1	sub16sub17sub18
C_361856N1193315W001	0.999999998	1E-10	2.2E-09	1	1	sub16sub17sub18
C_361886N1191065W001	3.4553E-06	1.9836E-06	0.999994561	3	3	sub16sub17sub18
C_361886N1191270W001	0.002065052	6.23E-08	0.997934886	3	3	sub16sub17sub18
C_361889N1191448W001	0.999981322	1.64E-08	1.86619E-05	1	1	sub16sub17sub18
C_361889N1192620W001	0.99980424	0.000000028	0.000195733	1	1	sub16sub17sub18
C_361897N1191051W001	8.2107E-06	2.04371E-05	0.999971352	3	3	sub16sub17sub18
C_361908N1190915W001	0.000000621	1.05268E-05	0.999988852	3	3	sub16sub17sub18
C_361917N1194374W001	0.999999999	0	8E-10	1	1	sub16sub17sub18
C_361922N1192337W001	0.99998855	1.74E-08	1.14325E-05	1	1	sub16sub17sub18
C_361922N1192337W002	0.945615523	6.46098E-05	0.054319867	1	1	sub16sub17sub18
C_361922N1192337W003	0.99999094	4.1E-09	9.0561E-06	1	1	sub16sub17sub18
C_361925N1191356W001	0.821451615	0.000198363	0.178350022	1	1	sub16sub17sub18
C_361925N1194141W001	0.999939045	0.000000001	6.09542E-05	1	1	sub16sub17sub18
C_361928N1191542W001	0.999992649	9.08E-08	7.2602E-06	1	1	sub16sub17sub18
C_361961N1191223W001	0.001414132	1.06731E-05	0.998575195	3	3	sub16sub17sub18
C_361964N1191090W001	3.6409E-06	1.69474E-05	0.999979412	3	3	sub16sub17sub18
C_361969N1191412W001	0.9999972	7.6E-09	2.7922E-06	1	1	sub16sub17sub18
C_361981N1191581W001	0.999974433	1.31099E-05	1.24573E-05	1	1	sub16sub17sub18
C_361992N1191665W001	0.993363839	2.03454E-05	0.006615816	1	1	sub16sub17sub18
C_362000N1191492W001	0.999999825	1.7E-09	1.734E-07	1	1	sub16sub17sub18
C_362003N1191109W001	0.000007359	2.123E-07	0.999992429	3	3	sub16sub17sub18
C_362025N1194774W002	0.999946317	0	5.36834E-05	1	1	sub16sub17sub18
C_362025N1196013W001	0.930532563	2.21643E-05	0.069445272	1	1	sub16sub17sub18
C_362031N1193838W001	1	0	0	1	1	sub16sub17sub18
C_362042N1191312W001	0.970917583	2.593E-07	0.029082158	1	1	sub16sub17sub18
C_362064N1195874W001	0.027329673	9.26873E-05	0.97257764	3	3	sub16sub17sub18
C_362069N1191092W001	3.343E-07	4.56E-08	0.99999962	3	3	sub16sub17sub18
C_362072N1195021W001	0.999999985	0	1.46E-08	1	1	sub16sub17sub18
C_362092N1196213W001	0.353912945	0.000463025	0.64562403	3	3	sub16sub17sub18
C_362103N1196018W001	0.999993636	9.57E-08	6.2679E-06	1	1	sub16sub17sub18
C_362111N1191276W001	0.240117094	0.000359075	0.759523832	3	3	sub16sub17sub18
C_362122N1195379W001	0.999993521	9.78E-08	0.000006381	1	1	sub16sub17sub18
C_362125N1191106W001	0.000017118	5.62E-08	0.999982826	3	3	sub16sub17sub18
C_362131N1195779W001	0.002672157	0.001197487	0.996130356	3	3	sub16sub17sub18
C_362150N1194952W001	0.999999995	0	4.6E-09	1	1	sub16sub17sub18
C_362153N1191062W001	1.6734E-06	2.74E-08	0.999998299	3	3	sub16sub17sub18
C_362156N1191106W001	2.0737E-06	8.6E-09	0.999997918	3	3	sub16sub17sub18
C_362186N1194871W001	0.999999985	0	1.51E-08	1	1	sub16sub17sub18
C_362192N1196202W001	0.095111275	0.025585381	0.879303344	3	3	sub16sub17sub18
C_362200N1191137W001	0.000129622	1.8274E-06	0.999868551	3	3	sub16sub17sub18
C_362208N1191053W001	0.001612616	1.7007E-06	0.998385683	3	3	sub16sub17sub18
C_362250N1192087W001	0.008497825	1.378E-07	0.991502037	3	3	sub16sub17sub18
C_362250N1192248W001	0.156715927	3.367E-07	0.843283736	3	3	sub16sub17sub18
C_362250N1196279W001	0.010395416	0.0021629	0.987441684	3	3	sub16sub17sub18
C_362256N1195702W001	0.999999993	0	7.2E-09	1	1	sub16sub17sub18
C_362256N1195971W001	0.999993215	5.9E-09	6.7789E-06	1	1	sub16sub17sub18
C_362258N1193037W001	0.999999864	5E-10	1.357E-07	1	1	sub16sub17sub18
C_362258N1195566W001	0.999998146	4.6E-09	1.8498E-06	1	1	sub16sub17sub18
C_362267N1191370W001	0.126504454	0.019005834	0.854489712	3	3	sub16sub17sub18
C_362281N1190306W001	0.000474054	0.169712076	0.82981387	3	3	sub16sub17sub18
C_362297N1195121W001	0.99999205	4.9E-09	7.9446E-06	1	1	sub16sub17sub18
C_362311N1191320W001	0.997617567	8.1085E-06	0.002374324	1	1	sub16sub17sub18
C_362314N1196527W001	0.60220211	0.000005568	0.397792322	1	1	sub16sub17sub18
C_362317N1191270W001	0.74798635	5.37604E-05	0.25195989	1	1	sub16sub17sub18
C_362322N1191234W001	0.954372445	4.6376E-06	0.045622917	1	1	sub16sub17sub18
C_362325N1194074W001	0.9997401	3.8787E-06	0.000256021	1	1	sub16sub17sub18
C_362325N1195749W001	0.999999913	5E-10	8.68E-08	1	1	sub16sub17sub18
C_362336N1191095W001	0.075452943	0.021797447	0.90274961	3	3	sub16sub17sub18
C_362336N1194207W001	0.999999952	9E-10	0.000000047	1	1	sub16sub17sub18
C_362356N1195454W001	0.043079701	4.89708E-05	0.956871328	3	3	sub16sub17sub18
C_362386N1191359W001	0.999470754	1.36112E-05	0.000515635	1	1	sub16sub17sub18
C_362389N1191009W001	0.908049973	2.0535E-06	0.091947974	1	1	sub16sub17sub18
C_362389N1196146W001	0.998143573	0.000126285	0.001730142	1	1	sub16sub17sub18
C_362392N1191678W001	0.999999991	0	8.6E-09	1	1	sub16sub17sub18
C_362394N1191276W001	0.996985643	1.1684E-06	0.003013188	1	1	sub16sub17sub18
C_362394N1192309W001	0.002597047	4.67E-08	0.997402907	3	3	sub16sub17sub18
C_362397N1192437W001	0.153058789	1.424E-07	0.846941068	3	3	sub16sub17sub18
C_362400N1196274W001	0.996570144	6.17159E-05	0.00336814	1	1	sub16sub17sub18
C_362411N1193570W001	1	0	0	1	1	sub16sub17sub18
C_362425N1190917W001	0.268301124	7.37877E-05	0.731625089	3	3	sub16sub17sub18
C_362436N1194663W001	7.939E-07	0	0.999999206	3	3	sub16sub17sub18
C_362439N1194032W001	0.999999992	1E-10	7.7E-09	1	1	sub16sub17sub18
C_362461N1191362W001	0.99991278	7.63E-08	8.71442E-05	1	1	sub16sub17sub18
C_362475N1196374W001	0.653586882	0.022525775	0.323887343	1	1	sub16sub17sub18
C_362478N1195132W001	0.994676378	6.522E-07	0.00532297	1	1	sub16sub17sub18
C_362481N1192609W001	0.993247615	0.000000013	0.006752372	1	1	sub16sub17sub18
C_362506N1193495W001	0.999998858	3.18E-08	1.1104E-06	1	1	sub16sub17sub18
C_362533N1191298W001	0.999999974	1E-10	2.64E-08	1	1	sub16sub17sub18
C_362539N1192028W001	0.008010374	0.00000212	0.991987506	3	3	sub16sub17sub18
C_362539N1193051W001	0.999999908	0	9.23E-08	1	1	sub16sub17sub18
C_362539N1194571W001	0.000320892	5.1E-09	0.999679103	3	3	sub16sub17sub18
C_362539N1196004W001	0.025574762	0.036744874	0.937680363	3	3	sub16sub17sub18
C_362539N1196599W001	0.974220256	0.012791061	0.012988683	1	1	sub16sub17sub18
C_362544N1192431W001	0.193562929	3.38E-08	0.806437037	3	3	sub16sub17sub18
C_362547N1196341W001	0.999987788	3.321E-07	1.18798E-05	1	1	sub16sub17sub18
C_362550N1191073W001	0.943547055	2.1612E-06	0.056450783	1	1	sub16sub17sub18
C_362556N1193592W001	0.999999946	0	5.39E-08	1	1	sub16sub17sub18
C_362564N1192878W001	0.006031295	1.474E-07	0.993968558	3	3	sub16sub17sub18
C_362603N1192212W001	0.000693384	6.2E-09	0.99930661	3	3	sub16sub17sub18
C_362614N1191723W001	0.999999981	0	1.89E-08	1	1	sub16sub17sub18
C_362614N1193857W001	1	0	0	1	1	sub16sub17sub18
C_362614N1194160W001	0.999999999	0	0.000000001	1	1	sub16sub17sub18
C_362614N1196354W001	0.058309967	3.04845E-05	0.941659549	3	3	sub16sub17sub18
C_362617N1194335W001	0.945132996	0.000000988	0.054866016	1	1	sub16sub17sub18
C_362622N1196413W001	0.51022793	0.004277868	0.485494202	1	1	sub16sub17sub18
C_362625N1195116W001	0.999795098	1.2509E-06	0.000203651	1	1	sub16sub17sub18
C_362644N1191045W001	0.667370423	5.6155E-06	0.332623962	1	1	sub16sub17sub18
C_362653N1194571W001	0.954017282	3.31835E-05	0.045949535	1	1	sub16sub17sub18
C_362667N1191523W001	0.999999992	0	0.000000008	1	1	sub16sub17sub18
C_362667N1194546W001	0.360523652	1.6025E-06	0.639474746	3	3	sub16sub17sub18
C_362669N1195924W001	0.999689	1.52622E-05	0.000295738	1	1	sub16sub17sub18
C_362678N1196032W001	0.25929235	0.01358433	0.727123321	3	3	sub16sub17sub18
C_362681N1191009W001	0.011839678	1.65276E-05	0.988143794	3	3	sub16sub17sub18
C_362683N1191728W001	0	0	0	2	2	sub16sub17sub18
C_362700N1194077W001	1	0	4E-10	1	1	sub16sub17sub18
C_362714N1191365W001	0.999997438	1.2E-09	2.5606E-06	1	1	sub16sub17sub18
C_362733N1195827W001	0.999456797	7.61E-08	0.000543127	1	1	sub16sub17sub18
C_362747N1191178W001	0.983402815	5.85E-08	0.016597127	1	1	sub16sub17sub18
C_362750N1191234W001	0.999938071	6E-10	6.19282E-05	1	1	sub16sub17sub18
C_362750N1191309W001	0.999951682	0.000000002	4.83159E-05	1	1	sub16sub17sub18
C_362753N1191365W001	0.999999685	0	3.152E-07	1	1	sub16sub17sub18
C_362753N1191456W001	0.999997128	0	2.8717E-06	1	1	sub16sub17sub18
C_362756N1191545W001	1	0	0	1	1	sub16sub17sub18
C_362758N1191842W001	0.001036949	3.6E-09	0.998963048	3	3	sub16sub17sub18
C_362761N1194035W001	0.99999881	3.6E-09	1.1864E-06	1	1	sub16sub17sub18
C_362761N1195632W001	0.362149073	0.001018006	0.636832921	3	3	sub16sub17sub18
C_362811N1192076W001	0.000119351	4.45E-08	0.999880605	3	3	sub16sub17sub18
C_362828N1194216W003	0.999999989	0	0.000000011	1	1	sub16sub17sub18
C_362833N1193265W001	0.999997396	1.61E-08	2.5883E-06	1	1	sub16sub17sub18
C_362842N1191390W001	0.999553813	1.2E-09	0.000446186	1	1	sub16sub17sub18
C_362864N1191345W001	0.998916412	2.5E-09	0.001083586	1	1	sub16sub17sub18
C_362942N1194479W001	0.999996438	6.2E-09	3.5558E-06	1	1	sub16sub17sub18
C_362947N1192617W001	0.999999945	0	5.54E-08	1	1	sub16sub17sub18
C_362967N1191273W001	0.799746858	7.58E-08	0.200253066	1	1	sub16sub17sub18
C_362975N1194663W001	0.159130377	0.813886451	0.026983173	2	2	sub16sub17sub18
C_362975N1194696W001	0.018720218	0.006547372	0.97473241	3	3	sub16sub17sub18
C_362983N1192201W001	0.001656761	1.8493E-06	0.99834139	3	3	sub16sub17sub18
C_362986N1191865W001	7.7206E-06	5.694E-07	0.99999171	3	3	sub16sub17sub18
C_362992N1195452W002	0.999423053	0.000000027	0.00057692	1	1	sub16sub17sub18
C_363106N1191267W001	3.98812E-05	5.4E-09	0.999960113	3	3	sub16sub17sub18
C_363117N1191842W001	0.00000259	9.226E-07	0.999996487	3	3	sub16sub17sub18
C_363128N1191715W001	2.4E-09	0	0.999999998	3	3	sub16sub17sub18
C_363136N1191445W001	2.59956E-05	3E-10	0.999974004	3	3	sub16sub17sub18
C_363150N1191306W001	5.238E-07	1.6E-09	0.999999475	3	3	sub16sub17sub18
C_363206N1194757W001	0.999916661	1.46376E-05	6.87019E-05	1	1	sub16sub17sub18
C_363272N1194579W001	0.999663741	0.000269173	0.000067086	1	1	sub16sub17sub18
C_363272N1194579W002	0.943054374	0.032351105	0.024594522	1	1	sub16sub17sub18
C_363275N1191256W001	1.59E-08	2.36E-08	0.999999961	3	3	sub16sub17sub18
C_363275N1194846W001	0.995391445	0.004104714	0.000503841	1	1	sub16sub17sub18
C_363278N1194977W001	0.997797549	0.000348733	0.001853719	1	1	sub16sub17sub18
C_363281N1194777W001	0.994996567	0.001686449	0.003316985	1	1	sub16sub17sub18
C_363289N1192034W001	0.017898118	0.000000279	0.982101603	3	3	sub16sub17sub18
C_363311N1194668W001	0.999966058	7.9234E-06	2.60184E-05	1	1	sub16sub17sub18
C_363324N1190584W001	0.03815266	0.60747331	0.354374031	2	2	sub16sub17sub18
C_363324N1191115W001	4.695E-07	1.55128E-05	0.999984018	3	3	sub16sub17sub18
C_363327N1191056W001	5.803E-07	0.000124628	0.999874792	3	3	sub16sub17sub18
C_363328N1194493W001	0.994616539	0.004615846	0.000767616	1	1	sub16sub17sub18
C_363363N1190901W001	3.4802E-06	0.003678889	0.996317631	3	3	sub16sub17sub18
C_363399N1191123W001	3.09161E-05	0.023391961	0.976577123	3	3	sub16sub17sub18
C_363407N1190942W001	8.501E-07	0.000402286	0.999596864	3	3	sub16sub17sub18
C_363416N1190801W001	3.013E-07	0.00014005	0.999859649	3	3	sub16sub17sub18
C_363438N1191012W001	0.000231368	0.963780379	0.035988254	2	2	sub16sub17sub18
C_363446N1191023W001	0.000059654	0.620111641	0.379828705	2	2	sub16sub17sub18
C_363474N1190809W001	7.466E-07	0.000344197	0.999655056	3	3	sub16sub17sub18
C_363474N1190865W001	6.2265E-06	0.005591997	0.994401777	3	3	sub16sub17sub18
C_363478N1192267W001	0.00654534	9.1089E-06	0.993445551	3	3	sub16sub17sub18
C_363524N1191259W001	0.001028343	0.013737709	0.985233948	3	3	sub16sub17sub18
C_363527N1191067W001	4.47984E-05	0.993664604	0.006290597	2	2	sub16sub17sub18
C_363528N1191967W001	0.707676686	0.022752053	0.269571261	1	1	sub16sub17sub18
C_363572N1195468W001	0.999997055	3.49E-08	2.9106E-06	1	1	sub16sub17sub18
C_363597N1191623W001	0.000319774	0.963759527	0.035920699	2	2	sub16sub17sub18
C_363606N1191837W001	0.001148963	0.982038082	0.016812955	2	2	sub16sub17sub18
C_363633N1193971W001	0.999994635	4.67E-08	5.3181E-06	1	1	sub16sub17sub18
C_363649N1190628W001	0.003417145	0.972892331	0.023690524	2	2	sub16sub17sub18
C_363667N1193148W001	0.81437421	1.76788E-05	0.185608112	1	1	sub16sub17sub18
C_363682N1190715W001	0.001147579	0.991899088	0.006953333	2	2	sub16sub17sub18
C_363683N1194399W001	0.999964954	1.98948E-05	1.51509E-05	1	1	sub16sub17sub18
C_363692N1192520W001	0.999839789	6.56E-08	0.000160145	1	1	sub16sub17sub18
C_363703N1194577W001	0.999984809	4.9468E-06	1.02444E-05	1	1	sub16sub17sub18
C_363706N1192665W001	0.999999965	1E-10	3.48E-08	1	1	sub16sub17sub18
C_363750N1193502W001	0.001208573	3.308E-07	0.998791097	3	3	sub16sub17sub18
C_363755N1191353W001	0.040561929	0.646999598	0.312438473	2	2	sub16sub17sub18
C_363781N1191934W001	0.999832273	6E-10	0.000167727	1	1	sub16sub17sub18
C_363805N1191534W001	2.27372E-05	0.984378721	0.015598542	2	2	sub16sub17sub18
C_363822N1192045W001	0.925484051	1.2368E-06	0.074514712	1	1	sub16sub17sub18
C_363827N1190542W001	0.007948103	0.981512798	0.010539099	2	2	sub16sub17sub18
C_363828N1191981W001	0.999920272	5E-10	7.97278E-05	1	1	sub16sub17sub18
C_363856N1194443W001	0.999994837	2.443E-07	4.9189E-06	1	1	sub16sub17sub18
C_363856N1194824W001	0.981537548	0.017561195	0.000901256	1	1	sub16sub17sub18
C_363864N1192834W001	0.999999998	0	1.8E-09	1	1	sub16sub17sub18
C_363880N1190651W001	0.002713985	0.963562906	0.033723109	2	2	sub16sub17sub18
C_363889N1192017W001	0.999982565	2E-10	1.74345E-05	1	1	sub16sub17sub18
C_363894N1191890W001	0.995613094	8.5E-09	0.004386897	1	1	sub16sub17sub18
C_363922N1192106W001	1	0	5E-10	1	1	sub16sub17sub18
C_363928N1192295W001	0.999999996	0	3.6E-09	1	1	sub16sub17sub18
C_363928N1194038W001	0.999094678	5.94E-08	0.000905263	1	1	sub16sub17sub18
C_363971N1191370W001	3.9381E-06	0.00266069	0.997335372	3	3	sub16sub17sub18
C_363981N1191956W001	0.99976421	0.000000001	0.000235789	1	1	sub16sub17sub18
C_363988N1191531W001	4.812E-07	2.5351E-06	0.999996984	3	3	sub16sub17sub18
C_363989N1192381W001	0.999999997	1E-10	3.5E-09	1	1	sub16sub17sub18
C_363991N1191440W001	5.224E-07	5.1604E-06	0.999994317	3	3	sub16sub17sub18
C_363992N1192051W001	0.999960304	9.1E-09	0.000039687	1	1	sub16sub17sub18
C_363993N1191028W001	0.001860607	0.977204585	0.020934808	2	2	sub16sub17sub18
C_364000N1191848W001	0.000194312	3.43E-08	0.999805654	3	3	sub16sub17sub18
C_364000N1191973W001	0.999654816	2.8E-09	0.000345181	1	1	sub16sub17sub18
C_364039N1191987W001	0.998955867	1.36E-08	0.001044119	1	1	sub16sub17sub18
C_364047N1192237W001	0.999999926	0	7.45E-08	1	1	sub16sub17sub18
C_364047N1192606W001	0.997507959	0.002302761	0.00018928	1	1	sub16sub17sub18
C_364050N1192401W001	0.999999983	4E-10	1.66E-08	1	1	sub16sub17sub18
C_364064N1195293W001	0.999987773	1.5304E-06	1.06969E-05	1	1	sub16sub17sub18
C_364068N1191709W001	1.587E-07	2.48E-08	0.999999817	3	3	sub16sub17sub18
C_364069N1192151W001	0.999999871	0	0.000000129	1	1	sub16sub17sub18
C_364086N1192381W001	0.999996999	4.127E-07	2.5885E-06	1	1	sub16sub17sub18
C_364118N1191520W001	5.54E-08	9.284E-07	0.999999016	3	3	sub16sub17sub18
C_364139N1192376W001	0.999999886	0.000000002	1.125E-07	1	1	sub16sub17sub18
C_364141N1191831W001	3.33233E-05	4.75E-08	0.999966629	3	3	sub16sub17sub18
C_364144N1192276W001	0.999999985	0	1.54E-08	1	1	sub16sub17sub18
C_364146N1191728W001	1.072E-07	2.355E-07	0.999999657	3	3	sub16sub17sub18
C_364153N1192420W001	0.999999803	0.000000054	1.427E-07	1	1	sub16sub17sub18
C_364158N1195516W001	0.999685761	0.000221583	9.26565E-05	1	1	sub16sub17sub18
C_364174N1191703W001	9.13E-08	1.17E-08	0.999999897	3	3	sub16sub17sub18
C_364193N1191595W001	6.56E-08	6.317E-07	0.999999303	3	3	sub16sub17sub18
C_364227N1191706W001	5.6E-09	3.1E-09	0.999999991	3	3	sub16sub17sub18
C_364242N1192948W001	0.999371885	7.15196E-05	0.000556595	1	1	sub16sub17sub18
C_364250N1193629W001	0.000494241	0.000000069	0.99950569	3	3	sub16sub17sub18
C_364281N1192092W001	0.999999964	0	3.63E-08	1	1	sub16sub17sub18
C_364283N1192334W001	0.999999826	3.1E-09	1.714E-07	1	1	sub16sub17sub18
C_364283N1192953W001	0.999999186	8.01E-08	0.000000734	1	1	sub16sub17sub18
C_364288N1191842W001	0.983012213	9.2E-09	0.016987778	1	1	sub16sub17sub18
C_364303N1195146W001	0.999997102	2.33E-08	2.8743E-06	1	1	sub16sub17sub18
C_364306N1195299W001	0.866035889	5.0955E-06	0.133959016	1	1	sub16sub17sub18
C_364388N1191703W001	2.956E-07	7.37E-08	0.999999631	3	3	sub16sub17sub18
C_364439N1193993W001	0.008862388	8.03E-08	0.991137532	3	3	sub16sub17sub18
C_364442N1194835W001	0.999999961	0	3.87E-08	1	1	sub16sub17sub18
C_364517N1195829W001	0.000137978	7.332E-07	0.999861289	3	3	sub16sub17sub18
C_364544N1195277W001	0.931881294	1.15E-08	0.068118695	1	1	sub16sub17sub18
C_364553N1195829W001	0.000729539	1.344E-07	0.999270326	3	3	sub16sub17sub18
C_364575N1192967W001	0.204064204	0.000853051	0.795082745	3	3	sub16sub17sub18
C_364575N1193679W001	7E-10	1E-10	0.999999999	3	3	sub16sub17sub18
C_364578N1193502W001	0.00019729	0.001729761	0.998072949	3	3	sub16sub17sub18
C_364583N1194299W001	0.993814534	0.000005546	0.006179921	1	1	sub16sub17sub18
C_364586N1194646W001	1	0	0	1	1	sub16sub17sub18
C_364594N1194832W001	0.999996825	5.37E-08	3.1215E-06	1	1	sub16sub17sub18
C_364594N1195241W001	0.999661587	5.2517E-06	0.000333161	1	1	sub16sub17sub18
C_364600N1195568W001	0.001354086	0.000004726	0.998641189	3	3	sub16sub17sub18
C_364605N1192059W001	0.999907341	2.5683E-06	9.00906E-05	1	1	sub16sub17sub18
C_364664N1194954W001	0.999480249	3.03E-08	0.000519721	1	1	sub16sub17sub18
C_364718N1192151W001	0.000206894	0.000165601	0.999627504	3	3	sub16sub17sub18
C_364731N1195149W001	0.970368745	4.4322E-06	0.029626823	1	1	sub16sub17sub18
C_364733N1194816W001	0.999989661	9E-10	1.03379E-05	1	1	sub16sub17sub18
C_364736N1192415W001	0.969183249	0.010753282	0.02006347	1	1	sub16sub17sub18
C_364852N1192192W001	0.000094536	1.7049E-06	0.999903759	3	3	sub16sub17sub18
C_364861N1192478W001	0.058175076	8.87884E-05	0.941736136	3	3	sub16sub17sub18
C_364864N1192981W001	1.6942E-06	2.32828E-05	0.999975023	3	3	sub16sub17sub18
C_364878N1194210W001	0.900388312	7.91E-08	0.099611609	1	1	sub16sub17sub18
C_364881N1192390W001	0.00507709	0.008187137	0.986735773	3	3	sub16sub17sub18
C_364892N1194941W001	0.000325007	4E-10	0.999674993	3	3	sub16sub17sub18
C_364928N1193724W001	3E-10	0	1	3	3	sub16sub17sub18
C_364958N1195121W001	0.000244437	0.000707784	0.999047779	3	3	sub16sub17sub18
C_364997N1194682W001	0.770726756	4.3782E-06	0.229268865	1	1	sub16sub17sub18
C_365003N1194935W001	9.1272E-06	1.3E-09	0.999990872	3	3	sub16sub17sub18
C_365011N1192976W001	1.5187E-06	7.43168E-05	0.999924165	3	3	sub16sub17sub18
C_365022N1194085W001	1.36516E-05	1.05425E-05	0.999975806	3	3	sub16sub17sub18
C_365058N1193952W001	1.0172E-06	7E-10	0.999998982	3	3	sub16sub17sub18
C_365136N1194491W001	0.006330818	3.5835E-06	0.993665599	3	3	sub16sub17sub18
C_365144N1193777W001	2.7E-09	6E-10	0.999999997	3	3	sub16sub17sub18
C_365160N1192601W001	1.02E-08	7.26E-08	0.999999917	3	3	sub16sub17sub18
C_365178N1194846W001	0.00346597	0.000012766	0.996521264	3	3	sub16sub17sub18
C_365216N1197577W001	1	0	0	1	1	sub16sub17sub18
C_365231N1192959W001	9.715E-07	0.000055022	0.999944007	3	3	sub16sub17sub18
C_365236N1193591W001	6.183E-07	8.43E-08	0.999999298	3	3	sub16sub17sub18
C_365283N1194482W001	0.002142233	8E-10	0.997857766	3	3	sub16sub17sub18
C_365293N1192645W001	2.5041E-06	0.000877804	0.999119692	3	3	sub16sub17sub18
C_365297N1194079W001	7.648E-07	2E-10	0.999999235	3	3	sub16sub17sub18
C_365314N1193385W001	7.4711E-06	1.20704E-05	0.999980459	3	3	sub16sub17sub18
C_365319N1194641W002	0.024735631	2.98297E-05	0.975234539	3	3	sub16sub17sub18
C_365386N1193593W001	3.133E-07	3.075E-07	0.999999379	3	3	sub16sub17sub18
C_365388N1192506W001	2.2123E-06	7.01931E-05	0.999927595	3	3	sub16sub17sub18
C_365388N1192692W001	2.507E-07	0.00000232	0.999997429	3	3	sub16sub17sub18
C_365411N1193232W001	1.23119E-05	0.007055733	0.992931955	3	3	sub16sub17sub18
C_365439N1193227W001	3.47941E-05	9.6005E-06	0.999955605	3	3	sub16sub17sub18
C_365450N1194504W001	3.6E-09	0	0.999999996	3	3	sub16sub17sub18
C_365471N1198554W001	0.999999729	1.82E-08	2.523E-07	1	1	sub16sub17sub18
C_365513N1192370W001	0.001915555	0.847334766	0.150749679	2	2	sub16sub17sub18
C_365525N1193410W001	1.09916E-05	2.0843E-06	0.999986924	3	3	sub16sub17sub18
C_365542N1194807W001	0.218142906	0.036874975	0.744982119	3	3	sub16sub17sub18
C_365557N1192867W001	7.81E-08	9.84E-08	0.999999824	3	3	sub16sub17sub18
C_365591N1193007W001	7.133E-07	1.46E-08	0.999999272	3	3	sub16sub17sub18
C_365597N1193718W001	0.000464328	0.498141418	0.501394254	3	3	sub16sub17sub18
C_365632N1192417W001	0.000440179	0.990704857	0.008854964	2	2	sub16sub17sub18
C_365764N1196104W001	0.980810976	8.7E-09	0.019189015	1	1	sub16sub17sub18
C_365771N1192695W001	0.001603925	0.536813612	0.461582463	2	2	sub16sub17sub18
C_365774N1198516W001	0.999988383	3.2177E-06	8.3989E-06	1	1	sub16sub17sub18
C_365857N1192670W001	0.000481834	0.691986452	0.307531714	2	2	sub16sub17sub18
C_365889N1193677W001	1.31888E-05	6.01E-08	0.999986751	3	3	sub16sub17sub18
C_365889N1193863W001	0.000029955	1.773E-07	0.999969868	3	3	sub16sub17sub18
C_365918N1193410W001	0.001343902	2.0619E-06	0.998654036	3	3	sub16sub17sub18
C_366044N1193938W001	0.000222936	0.000001485	0.999775579	3	3	sub16sub17sub18
C_366044N1194304W001	3.43225E-05	7.8028E-06	0.999957875	3	3	sub16sub17sub18
C_366113N1193543W001	0.031176035	0.003463428	0.965360538	3	3	sub16sub17sub18
C_366144N1193952W001	0.001814562	0.000835726	0.997349712	3	3	sub16sub17sub18
C_366174N1193585W001	0.164103627	1.66869E-05	0.835879687	3	3	sub16sub17sub18
C_366175N1194104W001	4.82481E-05	4.5798E-06	0.999947172	3	3	sub16sub17sub18
C_366186N1193721W001	1.21128E-05	5.413E-07	0.999987346	3	3	sub16sub17sub18
C_366285N1193249W001	0.000595603	0.927425334	0.071979063	2	2	sub16sub17sub18
C_366310N1192843W001	9.13595E-05	0.968764491	0.031144149	2	2	sub16sub17sub18
C_366324N1193588W001	5.85426E-05	0.003296047	0.99664541	3	3	sub16sub17sub18
C_366339N1194132W001	7.7749E-06	7.90311E-05	0.999913194	3	3	sub16sub17sub18
C_366344N1194032W001	2.7577E-06	1.36983E-05	0.999983544	3	3	sub16sub17sub18
C_366344N1197177W001	1	0	3E-10	1	1	sub16sub17sub18
C_366399N1193057W001	0.001280154	0.997593612	0.001126234	2	2	sub16sub17sub18
C_366399N1193863W001	1.21884E-05	1.33859E-05	0.999974426	3	3	sub16sub17sub18
C_366403N1194129W001	4.93474E-05	3.10352E-05	0.999919617	3	3	sub16sub17sub18
C_366489N1194057W001	5.78E-08	0.000000506	0.999999436	3	3	sub16sub17sub18
C_366539N1194302W001	2.66017E-05	4.9792E-06	0.999968419	3	3	sub16sub17sub18
C_366596N1200432W001	0.03285563	0.052283122	0.914861248	3	3	sub16sub17sub18
C_366625N1194163W001	1.51765E-05	0.000115778	0.999869045	3	3	sub16sub17sub18
C_366636N1194038W001	6.28052E-05	0.043196645	0.95674055	3	3	sub16sub17sub18
C_366664N1195118W001	0.00016592	0.777466775	0.222367306	2	2	sub16sub17sub18
C_366744N1194943W001	0.000217902	0.997817594	0.001964504	2	2	sub16sub17sub18
C_366767N1194568W001	4.34294E-05	0.00067895	0.999277621	3	3	sub16sub17sub18
C_366806N1194302W001	0.000002562	0.000112426	0.999885012	3	3	sub16sub17sub18
C_367056N1194485W001	2.51596E-05	0.984140373	0.015834468	2	2	sub16sub17sub18
C_367186N1194574W001	0.053230196	0.942455383	0.004314422	2	2	sub16sub17sub18
C_367457N1200777W001	0.117414288	0.796256731	0.086328981	2	2	sub16sub17sub18
C_367522N1195588W001	0.000557721	0.000781543	0.998660736	3	3	sub16sub17sub18
C_367522N1196216W001	0.002034999	0.000201271	0.99776373	3	3	sub16sub17sub18
C_367536N1194652W001	0.00708394	0.974154876	0.018761185	2	2	sub16sub17sub18
C_367556N1196666W001	0.186542808	0.371069004	0.442388189	3	3	sub16sub17sub18
C_367563N1200877W001	0.287221604	0.603483059	0.109295336	2	2	sub16sub17sub18
C_367594N1196349W001	0.00094103	0.002017593	0.997041376	3	3	sub16sub17sub18
C_367594N1196399W001	0.005194309	1.27463E-05	0.994792945	3	3	sub16sub17sub18
C_367638N1200057W001	0.002953408	8.8647E-06	0.997037727	3	3	sub16sub17sub18
C_367638N1201279W001	0.463885184	0.002182958	0.533931858	3	3	sub16sub17sub18
C_367653N1195677W001	9.5618E-06	5.0427E-06	0.999985396	3	3	sub16sub17sub18
C_367664N1196438W001	0.757326346	3.50783E-05	0.242638576	1	1	sub16sub17sub18
C_367700N1196799W001	0.999094662	0.000221424	0.000683914	1	1	sub16sub17sub18
C_367703N1196077W001	0.004069827	0.000123632	0.995806541	3	3	sub16sub17sub18
C_367772N1195179W001	7.06896E-05	0.975529541	0.024399769	2	2	sub16sub17sub18
C_367772N1195807W001	0.000494979	3.07192E-05	0.999474301	3	3	sub16sub17sub18
C_367811N1195585W001	0.00003016	9.1203E-06	0.99996072	3	3	sub16sub17sub18
C_367811N1196482W001	0.731719896	0.000133032	0.268147072	1	1	sub16sub17sub18
C_367813N1200160W001	0.001568672	4.4532E-06	0.998426875	3	3	sub16sub17sub18
C_367857N1199977W001	0.00075304	7.139E-07	0.999246246	3	3	sub16sub17sub18
C_367881N1195496W001	0.223720778	0.546368683	0.229910539	2	2	sub16sub17sub18
C_367922N1195946W001	1.6627E-06	4.7015E-06	0.999993636	3	3	sub16sub17sub18
C_367930N1200343W001	0.003067611	5.5989E-06	0.99692679	3	3	sub16sub17sub18
C_367953N1195585W001	0.000138247	2.773E-07	0.999861476	3	3	sub16sub17sub18
C_367958N1196482W001	0.583727441	0.000172848	0.416099711	1	1	sub16sub17sub18
C_367991N1199052W001	0.026721329	0.960806895	0.012471777	2	2	sub16sub17sub18
C_368002N1199888W001	0.026019367	0.00073023	0.973250403	3	3	sub16sub17sub18
C_368010N1199704W002	0.047318236	0.000500398	0.952181367	3	3	sub16sub17sub18
C_368061N1195449W001	0.040346798	0.008026332	0.95162687	3	3	sub16sub17sub18
C_368077N1201163W001	0.927379519	2.342E-07	0.072620247	1	1	sub16sub17sub18
C_368093N1199988W001	4.42953E-05	0.000175744	0.999779961	3	3	sub16sub17sub18
C_368133N1196127W001	0.014291268	9.455E-07	0.985707786	3	3	sub16sub17sub18
C_368196N1200160W001	0.667088727	0.026336222	0.306575051	1	1	sub16sub17sub18
C_368211N1196482W001	0.995274262	0.000179465	0.004546273	1	1	sub16sub17sub18
C_368244N1195449W001	0.079013087	0.092852833	0.828134081	3	3	sub16sub17sub18
C_368282N1196616W001	0.999759041	7.25568E-05	0.000168402	1	1	sub16sub17sub18
C_368321N1199541W001	0.240100829	0.664966842	0.094932329	2	2	sub16sub17sub18
C_368322N1196127W001	0.28423388	0.708038933	0.007727187	2	2	sub16sub17sub18
C_368353N1195627W001	0.002620858	0.873612913	0.123766229	2	2	sub16sub17sub18
C_368363N1199802W001	0.04392161	0.521430204	0.434648186	2	2	sub16sub17sub18
C_368432N1196460W001	0.994493254	0.004259834	0.001246912	1	1	sub16sub17sub18
C_368433N1196282W001	0.713269533	0.241365389	0.045365078	1	1	sub16sub17sub18
C_368468N1196593W001	0.999917157	0.000048091	0.000034752	1	1	sub16sub17sub18
C_368469N1196232W001	0.897979354	0.000433244	0.101587403	1	1	sub16sub17sub18
C_368496N1198599W001	0.008214874	0.989917574	0.001867552	2	2	sub16sub17sub18
C_368499N1196460W001	0.966444944	0.023421013	0.010134043	1	1	sub16sub17sub18
C_368566N1198421W001	0.857835105	0.140693138	0.001471757	1	1	sub16sub17sub18
C_368571N1197002W001	0.997433803	0.000335201	0.002230997	1	1	sub16sub17sub18
C_368572N1195413W001	0.013196405	0.045470898	0.941332697	3	3	sub16sub17sub18
C_368597N1195846W001	0.015002231	0.962859612	0.022138157	2	2	sub16sub17sub18
C_368682N1197177W001	0.962566982	0.033415763	0.004017255	1	1	sub16sub17sub18
C_368683N1196185W001	0.000386994	0.130449743	0.869163263	3	3	sub16sub17sub18
C_368716N1197132W001	0.999995447	2.544E-07	4.2988E-06	1	1	sub16sub17sub18
C_368882N1196182W001	0.029790281	0.864965095	0.105244624	2	2	sub16sub17sub18
