name	clus_1	clus_2	clus_3	clus_4	memb	cluster	subregion
S_387793N1218123W001	0.9530970333	0.0000001933	0.0464883001	0.0004144733	1	1	sub3sub4
S_387793N1218123W002	0.9999982643	0.0000000160	0.0000017110	0.0000000087	1	1	sub3sub4
S_387793N1218123W003	0.9999943842	0.0000005887	0.0000048216	0.0000002055	1	1	sub3sub4
S_387793N1218123W004	0.9999832602	0.0000022124	0.0000137567	0.0000007708	1	1	sub3sub4
S_387849N1217742W001	0.9897038259	0.0000005999	0.0038245912	0.0064709831	1	1	sub3sub4
S_387985N1217275W001	0.9999999753	0.0000000006	0.0000000240	0.0000000001	1	1	sub3sub4
S_387985N1217275W002	0.9999999969	0.0000000000	0.0000000031	0.0000000000	1	1	sub3sub4
S_387985N1217275W003	0.9999999910	0.0000000001	0.0000000089	0.0000000000	1	1	sub3sub4
S_388068N1217384W001	0.8146417753	0.0000000831	0.1853575593	0.0000005822	1	1	sub3sub4
S_388068N1217384W003	0.9999920703	0.0000000023	0.0000079215	0.0000000059	1	1	sub3sub4
S_388361N1217778W002	0.0030753979	0.8895685850	0.0466882349	0.0606677823	2	2	sub3sub4
S_388362N1218352W001	0.9999325472	0.0000000005	0.0000674369	0.0000000154	1	1	sub3sub4
S_388368N1217584W002	0.9999377845	0.0000034198	0.0000582252	0.0000005705	1	1	sub3sub4
S_388368N1217584W003	0.9985698203	0.0004086348	0.0009887029	0.0000328420	1	1	sub3sub4
S_388375N1217343W001	0.9999699700	0.0000001848	0.0000296914	0.0000001538	1	1	sub3sub4
S_388393N1217330W002	0.9999947478	0.0000000131	0.0000052303	0.0000000088	1	1	sub3sub4
S_388393N1217330W003	0.9999824167	0.0000009431	0.0000165184	0.0000001218	1	1	sub3sub4
S_388393N1217330W004	0.9997924473	0.0000114167	0.0001944017	0.0000017343	1	1	sub3sub4
S_388635N1218245W001	0.0000001840	0.0000000000	0.9999998158	0.0000000002	3	3	sub3sub4
S_388635N1218245W002	0.9997616219	0.0000000000	0.0002383777	0.0000000004	1	1	sub3sub4
S_388635N1218245W003	0.0006259860	0.0000005924	0.9993388580	0.0000345636	3	3	sub3sub4
S_388691N1217143W001	0.0000027717	0.9999801075	0.0000123514	0.0000047694	2	2	sub3sub4
S_388761N1217094W001	0.0000033837	0.9999647527	0.0000266645	0.0000051991	2	2	sub3sub4
S_388761N1217094W002	0.0000005340	0.9999922469	0.0000055857	0.0000016334	2	2	sub3sub4
S_388761N1217094W003	0.0000041446	0.0000001001	0.9940279406	0.0059678147	3	3	sub3sub4
S_388761N1217094W004	0.0000052072	0.0000003546	0.2484397900	0.7515546482	4	4	sub3sub4
S_388813N1217525W002	0.8246548617	0.0000000091	0.1753447376	0.0000003916	1	1	sub3sub4
S_388813N1217525W003	0.0019861210	0.0000000000	0.9980138789	0.0000000001	3	3	sub3sub4
S_388813N1218219W001	0.0000004630	0.0000000000	0.9999995365	0.0000000004	3	3	sub3sub4
S_388813N1218219W002	0.0014139120	0.0000001732	0.9985103002	0.0000756146	3	3	sub3sub4
S_388813N1218219W003	0.9403482320	0.0000000024	0.0596517446	0.0000000209	1	1	sub3sub4
S_388837N1218762W001	0.0040258389	0.0000000017	0.9959738914	0.0000002680	3	3	sub3sub4
S_388837N1218762W002	0.9999972275	0.0000000000	0.0000027724	0.0000000001	1	1	sub3sub4
S_388847N1219665W001	0.0133411901	0.0000000154	0.0001018013	0.9865569932	4	4	sub3sub4
S_388847N1219665W002	0.9999998877	0.0000000000	0.0000001116	0.0000000007	1	1	sub3sub4
S_388847N1219665W003	0.0000000000	0.0000000000	1.0000000000	0.0000000000	3	3	sub3sub4
S_388957N1218611W001	0.0003271165	0.0000000001	0.9996728077	0.0000000757	3	3	sub3sub4
S_388957N1218611W002	0.9362289891	0.0000000777	0.0637659444	0.0000049888	1	1	sub3sub4
S_388965N1219139W001	0.0000000798	0.0000000012	0.9999517101	0.0000482088	3	3	sub3sub4
S_388965N1219139W002	0.9999996571	0.0000000000	0.0000003429	0.0000000000	1	1	sub3sub4
S_388965N1219139W003	0.9999981981	0.0000000000	0.0000018018	0.0000000001	1	1	sub3sub4
S_389133N1218431W001	0.0000003635	0.0000000016	0.9999916257	0.0000080093	3	3	sub3sub4
S_389133N1218431W002	0.0000032876	0.0000000000	0.9999966882	0.0000000241	3	3	sub3sub4
S_389133N1218431W003	0.9993709512	0.0000000059	0.0006290097	0.0000000333	1	1	sub3sub4
S_389163N1219875W001	0.0000030367	0.0000000160	0.0000024893	0.9999944580	4	4	sub3sub4
S_389163N1219875W002	0.9999990402	0.0000000000	0.0000009598	0.0000000000	1	1	sub3sub4
S_389163N1219875W003	0.9999971535	0.0000000000	0.0000028465	0.0000000000	1	1	sub3sub4
S_389239N1219963W001	0.0000000000	0.0000000000	0.0000000007	0.9999999992	4	4	sub3sub4
S_389249N1219140W001	0.0000002217	0.0000000058	0.9998709999	0.0001287725	3	3	sub3sub4
S_389249N1219140W002	0.9999999841	0.0000000000	0.0000000159	0.0000000000	1	1	sub3sub4
S_389249N1219140W003	0.9999999516	0.0000000000	0.0000000484	0.0000000000	1	1	sub3sub4
S_389281N1218056W001	0.9999995640	0.0000000000	0.0000004360	0.0000000000	1	1	sub3sub4
S_389304N1218843W001	0.9999999495	0.0000000000	0.0000000504	0.0000000000	1	1	sub3sub4
S_389304N1218843W002	0.0000003861	0.0000000000	0.9999992262	0.0000003877	3	3	sub3sub4
S_389304N1218843W003	0.9999942933	0.0000000000	0.0000057065	0.0000000002	1	1	sub3sub4
S_389528N1217918W001	0.9966443893	0.0001665014	0.0029927181	0.0001963913	1	1	sub3sub4
S_389528N1217918W002	0.9968259898	0.0003119137	0.0026610968	0.0002009997	1	1	sub3sub4
S_389528N1217918W003	0.9973020424	0.0002358286	0.0023126418	0.0001494872	1	1	sub3sub4
S_389605N1218102W001	0.1023399153	0.0000001217	0.8975579809	0.0001019821	3	3	sub3sub4
S_389605N1218102W002	0.8485045491	0.0003367767	0.1511087113	0.0000499629	1	1	sub3sub4
S_389605N1218102W003	0.9484102059	0.0024656463	0.0489172772	0.0002068706	1	1	sub3sub4
S_389606N1218011W001	0.9999271116	0.0000203647	0.0000509550	0.0000015686	1	1	sub3sub4
S_389669N1218440W001	0.4184390764	0.0000041820	0.5814513889	0.0001053527	3	3	sub3sub4
S_389669N1218440W002	0.9805386115	0.0000012505	0.0189235586	0.0005365795	1	1	sub3sub4
S_389689N1218653W002	0.0406619173	0.0000000244	0.9593263191	0.0000117392	3	3	sub3sub4
S_389694N1219259W001	0.0000092625	0.0000000012	0.9989427071	0.0010480293	3	3	sub3sub4
S_389694N1219259W002	0.9999997221	0.0000000001	0.0000002775	0.0000000003	1	1	sub3sub4
S_389694N1219259W003	0.9999996306	0.0000000000	0.0000003694	0.0000000001	1	1	sub3sub4
S_389803N1217675W001	0.0000563369	0.9999423320	0.0000007122	0.0000006189	2	2	sub3sub4
S_390088N1220877W003	0.0000000001	0.0000000000	0.0000000037	0.9999999961	4	4	sub3sub4
S_390124N1218291W001	0.0000000092	0.0000000065	0.0001013702	0.9998986141	4	4	sub3sub4
S_390124N1218291W002	0.0000005645	0.0000000000	0.9999994316	0.0000000039	3	3	sub3sub4
S_390124N1218291W003	0.8587624150	0.0000000098	0.1412366765	0.0000008987	1	1	sub3sub4
S_390124N1218291W004	0.0048053110	0.1593019499	0.4354375600	0.4004551791	3	3	sub3sub4
S_390244N1217813W003	0.0000075134	0.0000000044	0.9999914637	0.0000010184	3	3	sub3sub4
S_390291N1219319W001	0.9999999996	0.0000000000	0.0000000004	0.0000000000	1	1	sub3sub4
S_390433N1218097W001	0.0061798807	0.6985572769	0.0246761254	0.2705867170	2	2	sub3sub4
S_390483N1218664W001	0.9893414852	0.0004605135	0.0025560075	0.0076419937	1	1	sub3sub4
S_390576N1221586W001	0.0000001392	0.0000000085	0.0000037830	0.9999960693	4	4	sub3sub4
S_390696N1217778W001	0.0158806972	0.1251464697	0.8506734717	0.0082993613	3	3	sub3sub4
S_390696N1217778W002	0.0869327213	0.0000131209	0.9128718971	0.0001822608	3	3	sub3sub4
S_390696N1217778W003	0.9268262416	0.0000009087	0.0731577715	0.0000150782	1	1	sub3sub4
S_390696N1217778W004	0.2633654112	0.0000001401	0.7366231454	0.0000113034	3	3	sub3sub4
S_390921N1221422W001	0.0000000006	0.0000000000	0.0000000025	0.9999999969	4	4	sub3sub4
S_390930N1219767W001	0.0000611410	0.9569191670	0.0017961865	0.0412235055	2	2	sub3sub4
S_391021N1221961W001	0.0000000089	0.0000000009	0.0000000402	0.9999999501	4	4	sub3sub4
S_391210N1222088W001	0.0000010808	0.0000052142	0.0000040209	0.9999896840	4	4	sub3sub4
S_391330N1222165W001	0.0000000214	0.0000000553	0.0000001158	0.9999998075	4	4	sub3sub4
S_391330N1222165W002	0.0135736601	0.0182705937	0.0829736856	0.8851820606	4	4	sub3sub4
S_391330N1222165W003	0.0207558949	0.0597389894	0.0928263525	0.8266787632	4	4	sub3sub4
S_391401N1221325W001	0.8637763834	0.0000001707	0.1362164599	0.0000069860	1	1	sub3sub4
S_391675N1222693W001	0.0000763623	0.0000069087	0.0001350235	0.9997817055	4	4	sub3sub4
S_391746N1221495W001	0.9998860512	0.0000000000	0.0001139480	0.0000000008	1	1	sub3sub4
S_391826N1219935W001	0.9078584598	0.0000001081	0.0921154817	0.0000259504	1	1	sub3sub4
S_391914N1221719W001	0.0000002383	0.0000000006	0.9941044799	0.0058952812	3	3	sub3sub4
S_392258N1219984W001	0.9999877106	0.0000000065	0.0000122774	0.0000000055	1	1	sub3sub4
S_392414N1221535W002	0.0000044171	0.0000113439	0.0000034581	0.9999807810	4	4	sub3sub4
S_392414N1221535W003	0.0002839606	0.0000000161	0.9945708829	0.0051451403	3	3	sub3sub4
S_392414N1221535W004	0.0000133801	0.0000000001	0.9999865186	0.0000001012	3	3	sub3sub4
S_392439N1221540W001	0.0000102066	0.0000542899	0.9984297991	0.0015057045	3	3	sub3sub4
S_392497N1222327W001	0.0602485565	0.9397232617	0.0000224664	0.0000057154	2	2	sub3sub4
S_392629N1222754W001	0.1464471173	0.0155527499	0.0731270353	0.7648730974	4	4	sub3sub4
S_392673N1219785W001	0.0073375360	0.9925727646	0.0000598715	0.0000298279	2	2	sub3sub4
S_392753N1221057W001	0.0121135747	0.0000000343	0.9877718082	0.0001145828	3	3	sub3sub4
S_392753N1221057W002	0.0816458224	0.0000000679	0.9183469021	0.0000072075	3	3	sub3sub4
S_392753N1221057W003	0.9809193637	0.0000000079	0.0190796308	0.0000009976	1	1	sub3sub4
S_392870N1222095W001	0.0000138382	0.9988299190	0.0000331204	0.0011231224	2	2	sub3sub4
S_392954N1221212W001	0.0015262251	0.0000000000	0.9984737392	0.0000000356	3	3	sub3sub4
S_393010N1219528W001	0.0391815641	0.0000000000	0.9608184295	0.0000000064	3	3	sub3sub4
S_393010N1219528W002	0.0010437035	0.0000000149	0.9989559532	0.0000003284	3	3	sub3sub4
S_393010N1219528W003	0.0024771036	0.0000005123	0.9975160497	0.0000063344	3	3	sub3sub4
S_393352N1222124W001	0.0000806305	0.9998778376	0.0000187554	0.0000227765	2	2	sub3sub4
S_393416N1220838W001	0.0287917409	0.0000000002	0.9712082260	0.0000000329	3	3	sub3sub4
S_393417N1220838W001	0.0001138960	0.0000000000	0.9998861038	0.0000000001	3	3	sub3sub4
S_393417N1220838W002	0.0084532027	0.0000000000	0.9915467967	0.0000000006	3	3	sub3sub4
S_393417N1220838W003	0.0001384634	0.0000000015	0.9998614122	0.0000001229	3	3	sub3sub4
S_393437N1219519W001	0.0000092121	0.0000000000	0.9999907820	0.0000000059	3	3	sub3sub4
S_393437N1219519W002	0.0132196669	0.0000000168	0.9867797888	0.0000005276	3	3	sub3sub4
S_393437N1219519W003	0.0030431412	0.0000830892	0.9967890608	0.0000847088	3	3	sub3sub4
S_393437N1219519W004	0.0052231203	0.0762816015	0.9166607953	0.0018344829	3	3	sub3sub4
S_393476N1221838W001	0.0000104901	0.9999748150	0.0000063062	0.0000083887	2	2	sub3sub4
S_393619N1219101W001	0.0013254244	0.0147113697	0.3983976136	0.5855655924	4	4	sub3sub4
S_393672N1219985W001	0.9994570449	0.0000128363	0.0005229884	0.0000071303	1	1	sub3sub4
S_393976N1219617W001	0.3824280945	0.0000382813	0.6153178800	0.0022157442	3	3	sub3sub4
S_394002N1222764W001	0.0043423823	0.0035276095	0.0437931089	0.9483368993	4	4	sub3sub4
S_394208N1221341W001	0.0000002986	0.0000011940	0.0000018061	0.9999967013	4	4	sub3sub4
S_394208N1221341W002	0.0000072661	0.0000000047	0.9988275439	0.0011651853	3	3	sub3sub4
S_394208N1221341W003	0.0000025573	0.0000000000	0.9999970073	0.0000004353	3	3	sub3sub4
S_394208N1221341W004	0.0030379375	0.0000051336	0.9929828634	0.0039740656	3	3	sub3sub4
S_394294N1221846W001	0.9999404761	0.0000006957	0.0000586673	0.0000001608	1	1	sub3sub4
S_394347N1222744W001	0.0000472306	0.0000165305	0.0033218777	0.9966143612	4	4	sub3sub4
S_394363N1222487W001	0.0008973350	0.0000269271	0.9522425403	0.0468331975	3	3	sub3sub4
S_394419N1219433W001	0.0421859619	0.0000000000	0.9578139810	0.0000000571	3	3	sub3sub4
S_394419N1219433W002	0.9999999822	0.0000000000	0.0000000178	0.0000000000	1	1	sub3sub4
S_394419N1219433W003	0.9999524146	0.0000000071	0.0000474910	0.0000000873	1	1	sub3sub4
S_394564N1220246W001	0.0000000068	0.9999996845	0.0000002449	0.0000000637	2	2	sub3sub4
S_394575N1220728W001	0.2791546704	0.0298573694	0.6532036309	0.0377843293	3	3	sub3sub4
S_394644N1219514W001	0.9972235520	0.0000001759	0.0027718761	0.0000043960	1	1	sub3sub4
S_394661N1221076W001	0.0643316174	0.0165659288	0.8991628890	0.0199395647	3	3	sub3sub4
S_394927N1219648W001	0.0001082962	0.0000000000	0.9998916841	0.0000000197	3	3	sub3sub4
S_394927N1219648W002	0.9999998196	0.0000000000	0.0000001804	0.0000000000	1	1	sub3sub4
S_394927N1219648W003	0.9999987586	0.0000000000	0.0000012392	0.0000000022	1	1	sub3sub4
S_394927N1219648W004	0.9999543392	0.0000000002	0.0000456420	0.0000000186	1	1	sub3sub4
S_395157N1221122W001	0.0009452933	0.0000001959	0.2572937603	0.7417607505	4	4	sub3sub4
S_395157N1221122W002	0.0854420340	0.0042682534	0.8923032541	0.0179864584	3	3	sub3sub4
S_395157N1221122W003	0.0004183232	0.9847685029	0.0124315318	0.0023816420	2	2	sub3sub4
S_395386N1222523W001	0.1666460386	0.0000010083	0.1087596355	0.7245933177	4	4	sub3sub4
S_395595N1220326W002	0.7085599950	0.0000150911	0.2876390626	0.0037858512	1	1	sub3sub4
S_395595N1220326W004	0.0000009042	0.9999980626	0.0000006980	0.0000003353	2	2	sub3sub4
S_395632N1221069W001	0.0089136361	0.9910648351	0.0000096033	0.0000119254	2	2	sub3sub4
S_395772N1221610W001	0.7597110762	0.0000050942	0.0959170127	0.1443668169	1	1	sub3sub4
S_395848N1222254W001	0.0066464483	0.0000011799	0.0176882139	0.9756641578	4	4	sub3sub4
S_395855N1221170W001	0.0000000000	0.0000000000	0.0000000040	0.9999999959	4	4	sub3sub4
S_395855N1221170W002	0.0000000132	0.0000000058	0.0000170479	0.9999829331	4	4	sub3sub4
S_395855N1221170W003	0.0000234939	0.0000000143	0.1134023170	0.8865741748	4	4	sub3sub4
S_395855N1221170W004	0.0000235145	0.0023884702	0.0037859968	0.9938020185	4	4	sub3sub4
S_395913N1220367W001	0.0000001099	0.9999998822	0.0000000047	0.0000000033	2	2	sub3sub4
S_396049N1222495W001	0.0000065419	0.0000000007	0.0003920361	0.9996014213	4	4	sub3sub4
S_396049N1222495W002	0.9939880367	0.0000000024	0.0059323314	0.0000796295	1	1	sub3sub4
S_396049N1222495W003	0.9978904467	0.0000000004	0.0021061256	0.0000034273	1	1	sub3sub4
S_396049N1222495W004	0.0000037404	0.0000000002	0.0000072562	0.9999890033	4	4	sub3sub4
S_396060N1222621W001	0.0000000004	0.0000000001	0.0000000072	0.9999999922	4	4	sub3sub4
S_396084N1220135W001	0.0000056122	0.9999765921	0.0000027512	0.0000150445	2	2	sub3sub4
S_396087N1220456W001	0.0000156807	0.9999833571	0.0000003418	0.0000006204	2	2	sub3sub4
S_396087N1220456W003	0.9980725219	0.0000007927	0.0018105985	0.0001160868	1	1	sub3sub4
S_396159N1220471W001	0.0004594116	0.9995390238	0.0000011327	0.0000004319	2	2	sub3sub4
S_396244N1221872W001	0.0000001603	0.0000000000	0.0000121733	0.9999876664	4	4	sub3sub4
S_396244N1221872W002	0.8836460089	0.0000000188	0.0122161331	0.1041378391	1	1	sub3sub4
S_396244N1221872W003	0.0000020284	0.0000000007	0.0001829067	0.9998150642	4	4	sub3sub4
S_396299N1221007W001	0.0000079766	0.0000006204	0.9419209507	0.0580704523	3	3	sub3sub4
S_396299N1221007W002	0.0000004040	0.0000000088	0.1131143049	0.8868852823	4	4	sub3sub4
S_396299N1221007W003	0.0116803572	0.0000000677	0.8060420369	0.1822775381	3	3	sub3sub4
S_396332N1222356W001	0.0000000037	0.0000000000	0.0000000102	0.9999999861	4	4	sub3sub4
S_396352N1220330W001	0.9997548253	0.0000015912	0.0002204990	0.0000230845	1	1	sub3sub4
S_396655N1219250W001	0.9989856032	0.0000000000	0.0010143855	0.0000000113	1	1	sub3sub4
S_396672N1221774W002	0.2204298696	0.0000005361	0.5275899511	0.2519796433	3	3	sub3sub4
S_396672N1221774W003	0.0000042518	0.0000000049	0.0017174878	0.9982782555	4	4	sub3sub4
S_396730N1219206W001	0.9998495670	0.0000000002	0.0001504161	0.0000000168	1	1	sub3sub4
S_396730N1219206W002	0.9982285939	0.0000000051	0.0017707908	0.0000006102	1	1	sub3sub4
S_396730N1219206W003	0.8711015891	0.0000424521	0.1272582849	0.0015976738	1	1	sub3sub4
S_396943N1219410W001	0.7522348278	0.0000001016	0.2477552599	0.0000098107	1	1	sub3sub4
S_396971N1222533W001	0.0000000009	0.0000000000	0.0000000057	0.9999999934	4	4	sub3sub4
S_396971N1222535W001	0.0006328685	0.0000000007	0.0055198597	0.9938472711	4	4	sub3sub4
S_396971N1222535W002	0.0378370933	0.0000000088	0.9367734089	0.0253894890	3	3	sub3sub4
