name	clus_1	clus_2	clus_3	clus_4	memb	i.cluster	subregion
C_376233N1213247W001	0.998614175	2.8237E-06	0.000012359	0.001370642	1	1	sub8sub9
C_376322N1213413W001	0.022659633	0.839119545	0.12251039	0.015710432	2	2	sub8sub9
C_376391N1213663W001	0.035577047	0.009849627	0.949084345	0.005488981	3	3	sub8sub9
C_376974N1213258W001	0.067253983	0.036537728	0.096948941	0.799259348	4	4	sub8sub9
C_377058N1212998W001	0.075395524	0.004252988	0.879971456	0.040380032	3	3	sub8sub9
C_377061N1214199W001	0.999961544	1.89087E-05	1.04683E-05	9.0789E-06	1	1	sub8sub9
C_377112N1213611W001	0.149773227	0.205980615	0.621848849	0.022397309	3	3	sub8sub9
C_377341N1213039W001	0.128479956	0.010070473	0.624218222	0.237231349	3	3	sub8sub9
C_377380N1212753W001	0.000876807	0.000366778	0.996388948	0.002367467	3	3	sub8sub9
C_377538N1215138W001	0.998518003	0.000645724	0.000783145	5.31279E-05	1	1	sub8sub9
C_377547N1214763W001	0.999794269	0.000138366	5.36779E-05	1.36874E-05	1	1	sub8sub9
C_377562N1213777W001	0.149343381	0.01307519	0.774836562	0.062744867	3	3	sub8sub9
C_377813N1214420W001	0.002309873	0.00074332	0.996324062	0.000622745	3	3	sub8sub9
C_377976N1214560W001	0.003513638	0.000454446	0.995246467	0.00078545	3	3	sub8sub9
C_378242N1211379W001	1.07819E-05	0.002959098	0.000035618	0.996994502	4	4	sub8sub9
C_378280N1210256W001	0.002075648	0.792449642	0.201191847	0.004282863	2	2	sub8sub9
C_378431N1210816W001	2E-10	0.999995977	5.1E-09	4.0178E-06	2	2	sub8sub9
C_378459N1210196W001	1.3763E-06	0.999835248	0.000149966	1.34103E-05	2	2	sub8sub9
C_378461N1211456W001	4.5547E-06	0.813243676	9.98255E-05	0.186651943	2	2	sub8sub9
C_378503N1211908W001	3.42422E-05	0.970948312	0.001818785	0.027198661	2	2	sub8sub9
C_378507N1216238W001	0.945055021	0.000251118	0.053759861	0.000933999	1	1	sub8sub9
C_378560N1212062W001	5.4398E-06	0.417879948	4.28166E-05	0.582071796	4	4	sub8sub9
C_378561N1210752W001	8.3E-09	0.999873699	8.111E-07	0.000125482	2	2	sub8sub9
C_378710N1210200W001	1.4E-09	0.999972871	9.82E-08	2.70297E-05	2	2	sub8sub9
C_378710N1211098W001	5.27984E-05	0.998668244	0.000497492	0.000781466	2	2	sub8sub9
C_378737N1210917W001	3.2E-09	0.999992203	8.46E-08	7.7088E-06	2	2	sub8sub9
C_378742N1216398W001	0.962917516	0.000749954	0.036245702	8.68274E-05	1	1	sub8sub9
C_378752N1211650W001	0	1	0	2E-10	2	2	sub8sub9
C_378764N1213154W001	4.05416E-05	0.011412791	0.948416531	0.040130136	3	3	sub8sub9
C_378775N1211469W001	1E-10	0.999999954	1.9E-09	4.36E-08	2	2	sub8sub9
C_378824N1210000W001	6.6E-09	0.999957302	4.835E-07	4.22079E-05	2	2	sub8sub9
C_378837N1211438W001	8.09E-08	0.999996514	1.5883E-06	1.8174E-06	2	2	sub8sub9
C_378846N1208816W001	0.612405887	0.005476496	0.367657144	0.014460474	1	1	sub8sub9
C_378888N1210554W001	4.6E-09	0.999989492	9.826E-07	9.5213E-06	2	2	sub8sub9
C_378948N1209532W001	0.821644417	0.001332364	0.093862097	0.083161122	1	1	sub8sub9
C_378957N1210463W001	4.8919E-06	0.999376554	0.000153655	0.0004649	2	2	sub8sub9
C_378970N1212210W001	0.000993409	0.783923825	0.003714265	0.211368502	2	2	sub8sub9
C_379034N1211276W001	0.000242293	0.400673423	0.554973536	0.044110748	3	3	sub8sub9
C_379051N1211014W001	0.033688788	0.127543795	0.817228869	0.021538548	3	3	sub8sub9
C_379061N1211661W001	3.8E-09	0.999998922	3.11E-08	1.0426E-06	2	2	sub8sub9
C_379143N1209485W001	0.886178937	0.002674583	0.007181392	0.103965087	1	1	sub8sub9
C_379150N1212045W001	8.8102E-06	0.99159191	0.000019966	0.008379314	2	2	sub8sub9
C_379204N1212259W001	0.000103802	0.998716461	0.000473232	0.000706505	2	2	sub8sub9
C_379209N1212476W001	0.00695393	0.913627036	0.012041178	0.067377857	2	2	sub8sub9
C_379247N1209723W001	0.009910194	0.195901165	0.791021678	0.003166964	3	3	sub8sub9
C_379251N1211755W001	0.000049548	0.988264164	0.000962777	0.010723511	2	2	sub8sub9
C_379283N1211030W001	4.63E-08	0.999107468	7.2339E-06	0.000885252	2	2	sub8sub9
C_379295N1210289W001	9.70481E-05	0.999503659	0.000395781	3.5115E-06	2	2	sub8sub9
C_379309N1212024W001	1.9285E-06	0.958919533	2.7476E-06	0.041075791	2	2	sub8sub9
C_379331N1210765W001	1.4998E-06	0.979373728	9.55134E-05	0.020529258	2	2	sub8sub9
C_379367N1210944W001	0	0.999999807	4E-10	1.926E-07	2	2	sub8sub9
C_379370N1210162W001	7.80937E-05	0.996167063	0.00213944	0.001615403	2	2	sub8sub9
C_379381N1210983W001	9.86E-08	0.998939097	5.3453E-06	0.00105546	2	2	sub8sub9
C_379428N1210162W001	0.000633752	0.941416111	0.03021825	0.027731887	2	2	sub8sub9
C_379434N1209697W001	4.889E-07	0.997359458	4.20199E-05	0.002598033	2	2	sub8sub9
C_379443N1212097W001	2.4E-09	0.996738279	1.18E-08	0.003261707	2	2	sub8sub9
C_379445N1209395W001	0.132657019	0.43696039	0.259137042	0.17124555	2	2	sub8sub9
C_379484N1211835W001	2E-10	0.999997719	1.5E-09	2.2791E-06	2	2	sub8sub9
C_379518N1211936W001	0	0.999999975	0	2.46E-08	2	2	sub8sub9
C_379562N1212024W001	2.3E-09	0.999999927	2.7E-09	6.81E-08	2	2	sub8sub9
C_379597N1212071W001	2E-10	0.999999972	5.5E-09	2.22E-08	2	2	sub8sub9
C_379625N1211636W001	5.295E-07	0.000523561	1.0029E-06	0.999474907	4	4	sub8sub9
C_379625N1213469W001	6.7E-09	0.998850633	0.000136479	0.001012881	2	2	sub8sub9
C_379643N1213348W001	4.6E-09	0.999998556	5.254E-07	0.000000914	2	2	sub8sub9
C_379664N1211726W001	0.000000009	0.999943018	6.76E-08	5.69053E-05	2	2	sub8sub9
C_379697N1212856W001	5.29E-08	0.999974392	2.7578E-06	2.27977E-05	2	2	sub8sub9
C_379698N1211495W001	1.03E-08	6.83501E-05	5.13E-08	0.999931588	4	4	sub8sub9
C_379714N1211618W001	1.64E-08	7.84E-08	2.4E-09	0.999999903	4	4	sub8sub9
C_379717N1212248W001	4.356E-07	0.112070461	4.59289E-05	0.887883175	4	4	sub8sub9
C_379722N1210672W001	8.512E-07	0.000697771	7.634E-07	0.999300614	4	4	sub8sub9
C_379726N1211885W001	0.000000013	0.995657821	9.64E-08	0.00434207	2	2	sub8sub9
C_379729N1210084W001	0.001981049	0.666064853	0.001973966	0.329980133	2	2	sub8sub9
C_379753N1212562W001	0.000205241	0.898438058	0.009630007	0.091726694	2	2	sub8sub9
C_379758N1212243W001	6.5351E-06	0.459543193	7.03706E-05	0.540379901	4	4	sub8sub9
C_379763N1211246W001	6.3E-09	3.7914E-06	2.2E-09	0.9999962	4	4	sub8sub9
C_379782N1212375W001	1.08386E-05	0.09941019	0.000196935	0.900382037	4	4	sub8sub9
C_379783N1213405W001	9E-10	0.999998915	0.000000241	8.434E-07	2	2	sub8sub9
C_379812N1211499W001	0.000008368	3.05025E-05	1.5976E-06	0.999959532	4	4	sub8sub9
C_379872N1212209W001	1.54E-08	0.006525382	1.278E-07	0.993474474	4	4	sub8sub9
C_379873N1211851W001	4.3032E-06	0.000937863	5.31959E-05	0.999004638	4	4	sub8sub9
C_379875N1210145W001	0.005653117	0.369961041	0.008795908	0.615589934	4	4	sub8sub9
C_379921N1212333W001	2.266E-07	0.002748739	6.427E-07	0.997250392	4	4	sub8sub9
C_379929N1212444W001	2.331E-07	0.054764045	1.23586E-05	0.945223364	4	4	sub8sub9
C_379930N1212575W001	0.00011332	0.992766444	0.00392924	0.003190997	2	2	sub8sub9
C_379940N1211696W001	3.0798E-06	1.9836E-06	1.1345E-06	0.999993802	4	4	sub8sub9
C_379976N1212308W001	2E-10	0.999998314	0.000000005	0.000001681	2	2	sub8sub9
C_380036N1210498W001	0.000101084	0.048017953	4.46011E-05	0.951836362	4	4	sub8sub9
C_380038N1211579W001	0.000401422	4.93E-08	1.3516E-06	0.999597177	4	4	sub8sub9
C_380047N1212134W001	0	0	0	1	4	4	sub8sub9
C_380048N1212598W001	3.3947E-06	0.992746763	0.000144496	0.007105347	2	2	sub8sub9
C_380075N1212585W001	1.27183E-05	0.026475387	8.18709E-05	0.973430024	4	4	sub8sub9
C_380116N1211233W001	0.00639038	0.000046648	6.25116E-05	0.993500461	4	4	sub8sub9
C_380136N1211738W001	0.000003189	2.1E-09	2.66E-08	0.999996782	4	4	sub8sub9
C_380146N1211570W001	0.00023576	0.000000383	1.1489E-06	0.999762708	4	4	sub8sub9
C_380200N1210280W001	0.352265796	8.4594E-06	9.28419E-05	0.647632903	4	4	sub8sub9
C_380213N1210480W001	0.011285433	0.709430361	0.094267251	0.185016955	2	2	sub8sub9
C_380280N1211097W001	0.043143092	2.656E-07	4.2359E-06	0.956852407	4	4	sub8sub9
C_380289N1212252W001	0.000146484	5.7E-09	2.975E-07	0.999853213	4	4	sub8sub9
C_380323N1212316W001	3.4051E-06	2.429E-07	1.30643E-05	0.999983288	4	4	sub8sub9
C_380324N1211284W001	0.000669094	8.2409E-06	0.996026337	0.003296328	3	3	sub8sub9
C_380326N1212855W001	8.6E-09	0.999806428	0.000001166	0.000192398	2	2	sub8sub9
C_380343N1210171W001	0.991500388	0.000217739	0.003992691	0.004289182	1	1	sub8sub9
C_380368N1211965W001	4.805E-07	0.00014067	0.060879513	0.938979336	4	4	sub8sub9
C_380406N1211041W001	0.000232927	0.040504999	0.040081022	0.919181053	4	4	sub8sub9
C_380432N1210506W001	0.000539823	1.5345E-06	2.129E-07	0.99945843	4	4	sub8sub9
C_380437N1211549W002	0.000212615	4.17E-08	1.0666E-06	0.999786276	4	4	sub8sub9
C_380483N1210141W001	0.999937322	3.867E-07	1.9694E-06	6.03222E-05	1	1	sub8sub9
C_380532N1210849W001	0.013480613	0.001189363	0.010500218	0.974829807	4	4	sub8sub9
C_380535N1210023W001	0.000688898	0.020961209	0.000617093	0.977732801	4	4	sub8sub9
C_380548N1209841W001	0.997382572	2.93255E-05	0.000841367	0.001746735	1	1	sub8sub9
C_380572N1212609W001	2.7858E-06	8.1E-09	7.4E-09	0.999997199	4	4	sub8sub9
C_380573N1212966W001	6.20865E-05	0.003473462	0.00024804	0.996216412	4	4	sub8sub9
C_380578N1212017W001	4.58945E-05	0.000146876	0.888968264	0.110838966	3	3	sub8sub9
C_380579N1211055W001	1.9008E-06	5.323E-07	0.000004102	0.999993465	4	4	sub8sub9
C_380586N1209655W001	0.992027497	3.08758E-05	0.002440148	0.005501479	1	1	sub8sub9
C_380589N1212902W001	1.267E-07	2.27948E-05	1.972E-07	0.999976881	4	4	sub8sub9
C_380667N1212109W001	2.108E-07	0.004197962	0.000154703	0.995647124	4	4	sub8sub9
C_380689N1211789W001	0.001305719	0.003574905	0.98394832	0.011171056	3	3	sub8sub9
C_380718N1209323W001	0.997970712	7.74639E-05	0.000638978	0.001312846	1	1	sub8sub9
C_380727N1212600W001	0.001290992	8.8E-09	0.000000681	0.998708318	4	4	sub8sub9
C_380730N1213523W001	0.000101617	2.16534E-05	0.978212766	0.021663964	3	3	sub8sub9
C_380743N1212880W001	2.828E-07	1.67E-08	5.3E-09	0.999999695	4	4	sub8sub9
C_380760N1209296W001	0.999999987	2E-10	2.5E-09	9.8E-09	1	1	sub8sub9
C_380866N1213426W001	9.26458E-05	0.051018526	0.948295906	0.000592922	3	3	sub8sub9
C_380875N1212587W001	1.84776E-05	3.07E-08	0.000000202	0.99998129	4	4	sub8sub9
C_380945N1213817W001	0.00401374	0.000688215	0.064491593	0.930806452	4	4	sub8sub9
C_381016N1211791W001	6.50874E-05	2.064E-07	3.97E-08	0.999934667	4	4	sub8sub9
C_381067N1212316W001	0.029432331	3.54999E-05	0.710072271	0.260459898	3	3	sub8sub9
C_381070N1213688W001	0.001283636	3.502E-07	0.998702873	1.31407E-05	3	3	sub8sub9
C_381137N1213343W001	0.000596426	1.40579E-05	0.022568259	0.976821257	4	4	sub8sub9
C_381227N1212388W001	0.001699988	2.893E-07	4.16329E-05	0.99825809	4	4	sub8sub9
C_381290N1212153W001	0.001449408	7.17312E-05	0.089047459	0.909431402	4	4	sub8sub9
C_381314N1211502W001	0	0	0	0	2	2	sub8sub9
C_381387N1211726W002	0.998930996	6.13E-08	9.1477E-06	0.001059795	1	1	sub8sub9
C_381431N1213252W001	0.970097243	0.000003825	0.000586294	0.029312638	1	1	sub8sub9
C_381490N1210517W001	0.999883687	0.000109461	4.8351E-06	2.0169E-06	1	1	sub8sub9
C_381525N1213012W001	0.189675352	0.010828408	0.774353749	0.025142491	3	3	sub8sub9
C_381527N1210403W001	0.222520614	0.469794949	0.281291735	0.026392702	2	2	sub8sub9
C_381531N1211635W001	0.211220261	0.00030273	0.098716421	0.689760588	4	4	sub8sub9
C_381536N1212100W001	0.003295739	0.002967183	0.162085488	0.83165159	4	4	sub8sub9
C_381559N1213727W001	0.753311389	0.000335149	0.122083529	0.124269934	1	1	sub8sub9
C_381605N1212621W001	0.930143687	1.1133E-06	5.47634E-05	0.069800437	1	1	sub8sub9
C_381630N1213523W001	0.972792786	3.8227E-06	0.006855658	0.020347733	1	1	sub8sub9
C_381697N1211106W001	0.999999953	0	0.000000003	0.000000044	1	1	sub8sub9
C_381806N1211113W001	0.99999993	0	1.3E-09	6.89E-08	1	1	sub8sub9
C_381816N1213723W001	0.001538116	4.7673E-06	0.997685755	0.000771361	3	3	sub8sub9
C_381843N1212261W001	0.99999284	0	7.86E-08	7.0818E-06	1	1	sub8sub9
C_381909N1213725W001	2.44345E-05	8.758E-07	0.999885317	0.000089373	3	3	sub8sub9
C_381975N1211196W001	0.999999953	1E-10	5.5E-09	4.14E-08	1	1	sub8sub9
C_382039N1213055W001	8.884E-07	0.000000167	0.000002949	0.999995996	4	4	sub8sub9
C_382041N1212799W001	0.001332599	0.000000173	2.50498E-05	0.998642178	4	4	sub8sub9
C_382166N1212453W001	1.03324E-05	1.841E-07	9.016E-07	0.999988582	4	4	sub8sub9
C_382175N1212748W001	8.858E-07	0.000204165	2.2473E-06	0.999792702	4	4	sub8sub9
C_382183N1214461W001	0.000507201	2.91249E-05	0.999245912	0.000217763	3	3	sub8sub9
C_382197N1213431W001	2.2586E-06	5.0287E-06	0.999701121	0.000291592	3	3	sub8sub9
C_382259N1214469W001	5.29609E-05	3.1596E-06	0.99989797	4.59091E-05	3	3	sub8sub9
C_382302N1217126W001	3.59606E-05	0.001356033	0.998324744	0.000283262	3	3	sub8sub9
C_382314N1214270W001	3.76695E-05	7.5184E-06	0.999915675	3.91374E-05	3	3	sub8sub9
C_382346N1211464W001	0.999999696	0	1.46E-08	2.896E-07	1	1	sub8sub9
C_382366N1211987W001	0.254967933	0.000613772	0.679973727	0.064444567	3	3	sub8sub9
C_382368N1212642W001	0.000455678	0.156146657	0.009774051	0.833623614	4	4	sub8sub9
C_382381N1214641W001	5.35125E-05	0.000142182	0.998987885	0.000816421	3	3	sub8sub9
C_382447N1212764W001	7.49818E-05	0.005736386	0.00028309	0.993905542	4	4	sub8sub9
C_382454N1217027W001	0.092070714	0.219093329	0.587177624	0.101658333	3	3	sub8sub9
C_382530N1214385W001	3.9943E-06	8.9276E-06	0.999853974	0.000133104	3	3	sub8sub9
C_382548N1212908W001	7.08E-08	0.999626754	0.000146202	0.000226973	2	2	sub8sub9
C_382625N1212626W001	0.1530622	0.000165295	0.12950146	0.717271045	4	4	sub8sub9
C_382862N1217884W001	0.000104413	0.000133431	0.999705082	5.70748E-05	3	3	sub8sub9
C_382864N1217883W001	0.28065	0.00934119	0.709434193	0.000574617	3	3	sub8sub9
C_382913N1213131W001	0.064947544	0.474130582	0.437532618	0.023389257	2	2	sub8sub9
C_382936N1211747W001	1	0	0	0	1	1	sub8sub9
C_382939N1213904W001	0.000024198	0.006636494	0.990839666	0.002499642	3	3	sub8sub9
C_382940N1213379W001	0.966296742	0.000416258	0.007273225	0.026013776	1	1	sub8sub9
C_383213N1212330W001	0.99606689	1.6578E-06	8.48742E-05	0.003846578	1	1	sub8sub9
C_383217N1213072W001	0.05108142	0.030804454	0.892764001	0.025350125	3	3	sub8sub9
C_383264N1213191W001	4.1371E-06	0.623333798	1.68936E-05	0.376645172	2	2	sub8sub9
C_383270N1214736W001	0.000782185	0.000673515	0.994355368	0.004188933	3	3	sub8sub9
C_383442N1216147W001	0.000325427	1.04887E-05	0.999532004	0.00013208	3	3	sub8sub9
C_383527N1211081W001	0.999999899	8.4E-09	8.19E-08	1.12E-08	1	1	sub8sub9
C_383610N1214825W001	0.001980754	0.961734792	0.036109968	0.000174487	2	2	sub8sub9
C_383729N1213638W001	0.00000539	0.99999262	6.984E-07	1.2915E-06	2	2	sub8sub9
C_383785N1216916W001	0.000215151	0.70021705	0.294477061	0.005090737	2	2	sub8sub9
C_383822N1212242W001	0.987844339	5.0827E-06	3.48632E-05	0.012115715	1	1	sub8sub9
C_383922N1217299W001	0.000267449	0.002457937	0.99322353	0.004051083	3	3	sub8sub9
C_384183N1212123W001	0.999999026	0	1.1E-09	0.000000973	1	1	sub8sub9
C_384205N1210459W001	1.23549E-05	0.000143404	0.99974136	0.000102881	3	3	sub8sub9
C_384260N1212853W001	0.000001866	0.014034772	0.00179835	0.984165013	4	4	sub8sub9
C_384272N1214018W001	0.01990931	0.97972594	0.000307677	5.70724E-05	2	2	sub8sub9
C_384374N1214022W001	0.002558687	0.988430254	0.008860085	0.000150974	2	2	sub8sub9
C_384417N1213354W001	2.401E-07	0.999999628	5.01E-08	8.16E-08	2	2	sub8sub9
C_384425N1213031W001	1.19155E-05	4.663E-07	1.14771E-05	0.999976141	4	4	sub8sub9
C_384526N1211695W001	0.999999149	0	5E-10	8.501E-07	1	1	sub8sub9
C_384600N1211432W001	0.999999983	1.8E-09	4.6E-09	1.03E-08	1	1	sub8sub9
C_385037N1212467W001	0.006663129	0.004207597	0.000226173	0.988903101	4	4	sub8sub9
C_385038N1212203W001	0.999938934	4.41E-08	5.3088E-06	5.57131E-05	1	1	sub8sub9
C_385047N1213636W001	0.000343161	0.999602084	4.51727E-05	9.5824E-06	2	2	sub8sub9
C_385112N1213142W001	0.000112663	0.000324616	0.998610519	0.000952202	3	3	sub8sub9
C_385159N1212845W001	0.752317222	0.025069254	0.217364385	0.005249139	1	1	sub8sub9
C_385162N1215818W001	1.6573E-06	4.5838E-06	0.999948845	4.49138E-05	3	3	sub8sub9
C_385177N1212619W001	1	0	0	0	1	1	sub8sub9
C_385223N1213630W001	2.71E-08	0.99998731	6.034E-07	1.20592E-05	2	2	sub8sub9
C_385259N1213355W001	0.066243763	0.014805204	0.900169916	0.018781117	3	3	sub8sub9
C_385343N1214280W001	0.000400932	0.999551536	3.86609E-05	8.8716E-06	2	2	sub8sub9
C_385537N1214369W001	0.314024174	0.244410305	0.433737181	0.00782834	3	3	sub8sub9
C_385543N1212592W001	0.999997351	1.2E-09	2.019E-07	2.4454E-06	1	1	sub8sub9
C_385578N1213240W001	0.999999974	1.1E-09	0.000000005	1.97E-08	1	1	sub8sub9
C_385849N1213173W001	0.001307352	0.005263174	0.983200385	0.010229089	3	3	sub8sub9
C_385974N1212706W001	0.004802303	0.000106534	4.06341E-05	0.995050529	4	4	sub8sub9
