name	clus_1	clus_2	clus_3	clus_4	clus_5	clus_6	memb	cluster	group
C_351303N1192078W001	0.9882	0.0002	0.005	0.0002	0.0001	0.0063	1	1	CC
C_351386N1190751W001	0.9994	0	0.0004	0	0	0.0001	1	1	CC
C_351742N1191584W001	0.9999	0	0.0001	0	0	0	1	1	CC
C_351867N1190926W001	0.9258	0	0.074	0	0.0001	0.0001	1	1	CC
C_351939N1190926W001	0.9963	0	0.0006	0	0.003	0	1	1	CC
C_351939N1191313W001	0.2838	0.3601	0.0148	0.0655	0.2655	0.0104	2	2	CC
C_351952N1189182W001	0.989	0.0005	0.007	0.0001	0.0004	0.003	1	1	CC
C_352017N1188965W001	0.0001	0	0.9982	0.0016	0.0001	0	3	3	CC
C_352083N1190528W001	0.9764	0	0.0236	0	0	0	1	1	CC
C_352125N1191992W001	0.308	0	0.5644	0	0.0683	0.0593	3	3	CC
C_352200N1192037W001	0.4506	0.0007	0.0321	0	0.1544	0.3622	1	1	CC
C_352231N1192098W001	0.958	0	0.033	0	0.003	0.006	1	1	CC
C_352233N1191281W001	0.9997	0	0.0003	0	0	0	1	1	CC
C_352456N1191195W001	0.9986	0	0.0013	0	0	0.0001	1	1	CC
C_352486N1191542W001	0.8693	0	0.13	0	0.0006	0	1	1	CC
C_352514N1189503W001	0.0218	0	0.9757	0	0.001	0.0014	3	3	CC
C_352597N1191640W001	0.0301	0	0.9459	0	0.005	0.0189	3	3	CC
C_352936N1192703W001	0.0001	0.0549	0.002	0.9341	0	0.0089	4	4	CC
C_353767N1193415W001	0.0019	0.0006	0.8608	0.0001	0.0097	0.1269	3	3	CC
C_354128N1193409W001	0.1792	0	0.7798	0	0.0393	0.0017	3	3	CC
C_354131N1193590W001	0.0417	0	0.9569	0	0.0012	0.0002	3	3	CC
C_355408N1193856W001	0	0	1	0	0	0	3	3	CC
C_355947N1193717W001	1	0	0	0	0	0	1	1	CC
C_356172N1193677W001	1	0	0	0	0	0	1	1	CC
C_356241N1193502W001	1	0	0	0	0	0	1	1	CC
C_356308N1193678W001	1	0	0	0	0	0	1	1	CC
C_356308N1194203W001	0.9997	0	0.0001	0	0.0001	0	1	1	CC
C_356322N1193591W001	1	0	0	0	0	0	1	1	CC
C_356453N1194201W001	1	0	0	0	0	0	1	1	CC
C_356461N1193667W001	1	0	0	0	0	0	1	1	CC
C_356600N1194198W001	1	0	0	0	0	0	1	1	CC
C_356742N1193581W001	1	0	0	0	0	0	1	1	CC
C_356742N1194198W001	1	0	0	0	0	0	1	1	CC
C_356747N1194112W001	0	0	0	0	0	0	1	1	CC
C_356961N1193484W001	0.9999	0	0	0	0	0.0001	1	1	CC
C_358103N1193251W001	0.0032	0	0.9667	0	0.03	0.0001	3	3	CC
C_359853N1195188W001	0.0037	0.9725	0.0019	0.0192	0.0015	0.0012	2	2	CC
C_361089N1194293W001	0.0094	0	0.0002	0	0.9904	0	5	5	CC
C_361156N1195191W001	0.0312	0	0.0065	0	0.0271	0.9351	6	6	CC
C_361303N1193665W001	0.9523	0.0003	0.0467	0.0002	0.0004	0.0001	1	1	CC
C_361381N1195482W001	0.0395	0.0015	0.0006	0	0.8209	0.1375	5	5	CC
C_361497N1195296W001	0.0728	0.0001	0.0121	0	0.3095	0.6056	6	6	CC
C_361756N1193140W001	0.0104	0	0.0004	0	0.9891	0	5	5	CC
C_361928N1195563W001	0.0047	0.1711	0.0168	0.0082	0.6851	0.1141	5	5	CC
C_362014N1198871W001	0.0001	0	0.9978	0	0.0002	0.002	3	3	CC
C_362061N1198388W001	0	0	0.9982	0.0001	0.0001	0.0016	3	3	CC
C_362233N1200479W001	0	0	0	0	0	1	6	6	CC
C_362258N1195779W001	0.0012	0	0.0003	0	0.9985	0	5	5	CC
C_362267N1202018W001	0.0005	0.0789	0.0009	0.9065	0.0003	0.0129	4	4	CC
C_362400N1196274W001	0.5796	0	0.0021	0	0.4166	0.0016	1	1	CC
C_362408N1201824W001	0.0056	0.9184	0.0032	0.0209	0.0002	0.0517	2	2	CC
C_362411N1201324W001	0.0017	0.0005	0.0131	0.0023	0.0001	0.9823	6	6	CC
C_362478N1195132W001	0.0102	0	0.0026	0	0.0146	0.9726	6	6	CC
C_362483N1201066W001	0.0001	0	0.0002	0	0	0.9997	6	6	CC
C_362539N1196004W001	0.9455	0.0143	0.0022	0.0059	0.005	0.0272	1	1	CC
C_362550N1202263W001	0.0001	0.0398	0.0006	0.9583	0.0003	0.0008	4	4	CC
C_362558N1200124W001	0	0.0004	0	0.0024	0	0.9972	6	6	CC
C_362619N1200482W001	0	0	0	0	0	1	6	6	CC
C_362653N1194571W001	0.0527	0	0.0061	0	0.0053	0.9358	6	6	CC
C_362694N1195393W001	0.9783	0	0.0004	0	0.0206	0.0007	1	1	CC
C_362700N1194077W001	0	0	0	0	1	0	5	5	CC
C_362906N1194304W001	0.7863	0.0001	0.0009	0	0.2101	0.0026	1	1	CC
C_362992N1195452W002	0.0021	0	0.0002	0	0.9024	0.0953	5	5	CC
C_363053N1198438W001	0.069	0.3884	0.01	0.0222	0.3972	0.1132	5	5	CC
C_363092N1198438W001	0.002	0	0.0002	0	0.9887	0.0091	5	5	CC
C_363142N1195685W001	0.4258	0	0.0216	0	0.2186	0.3339	1	1	CC
C_363144N1197968W001	0.0034	0.0002	0.0006	0	0.9958	0.0001	5	5	CC
C_363167N1200671W001	0	0	0.0001	0.0001	0	0.9998	6	6	CC
C_363208N1198691W002	0.0007	0	0	0	0.999	0.0002	5	5	CC
C_363211N1199863W001	0	0	0	0	0	0	1	1	CC
C_363461N1198468W001	0.0001	0	0	0	0.9997	0.0002	5	5	CC
C_363497N1201488W001	0	0	0	0	0	0	1	1	CC
C_363572N1195468W001	0.0025	0	0.0002	0	0.997	0.0003	5	5	CC
C_363683N1194399W001	0.0018	0	0.0007	0	0.9975	0	5	5	CC
C_363717N1200393W001	0	0	0.0485	0	0.0006	0.9509	6	6	CC
C_363717N1201310W001	0.8619	0.001	0.0001	0.1241	0	0.013	1	1	CC
C_363794N1200307W001	0	0	0.0006	0	0	0.9994	6	6	CC
C_363856N1202471W001	0	0	0.002	0.0024	0	0.9956	6	6	CC
C_363867N1200399W001	0	0	0	0	0	1	6	6	CC
C_363936N1200399W001	0	0	0	0	0	0.9999	6	6	CC
C_364002N1197624W001	0	0	0.9998	0	0.0002	0	3	3	CC
C_364008N1201141W001	0	0	0	0	0	0	1	1	CC
C_364008N1201760W001	0	0	0	0	0	1	6	6	CC
C_364033N1199049W001	0.0007	0.0061	0.0296	0	0.9382	0.0253	5	5	CC
C_364144N1202743W001	0	0	0.0003	0	0	0.9997	6	6	CC
C_364144N1203027W001	0	0	1	0	0	0	3	3	CC
C_364150N1202113W001	0	0	0	0	0	1	6	6	CC
C_364153N1202018W001	0	0	0	0	0	1	6	6	CC
C_364156N1200579W001	0	0	0.0001	0	0	0.9999	6	6	CC
C_364199N1199496W001	0.0021	0.0016	0.0003	0.0002	0.9952	0.0006	5	5	CC
C_364224N1199949W001	0	0	0.0012	0	0.9964	0.0024	5	5	CC
C_364313N1197916W001	0	0	0	0	1	0	5	5	CC
C_364397N1201388W001	0.0053	0.0166	0.001	0.007	0.0053	0.9647	6	6	CC
C_364439N1201277W001	0	0	0	0	0	1	6	6	CC
C_364439N1201277W002	0.0015	0	0.0016	0	0.0018	0.995	6	6	CC
C_364442N1202113W001	0	0	0	0	0	1	6	6	CC
C_364449N1198313W001	0	0	0	0	0.9999	0	5	5	CC
C_364500N1196535W001	0.3368	0.0006	0.5023	0.0019	0.0118	0.1467	3	3	CC
C_364583N1202113W001	0.0001	0	0.0005	0.0001	0	0.9993	6	6	CC
C_364586N1202027W001	0	0	0	0	0	1	6	6	CC
C_364589N1201477W001	0	0	0	0	0	1	6	6	CC
C_364591N1200135W001	0	0	0.0006	0	0.9987	0.0007	5	5	CC
C_364593N1200299W001	0.0001	0	0.0065	0	0.9918	0.0016	5	5	CC
C_364650N1202657W001	0	0	0	0	0	1	6	6	CC
C_364661N1202029W001	0	0	0	0.0001	0	0.9999	6	6	CC
C_364725N1202838W001	0	0	0	0	0	1	6	6	CC
C_364727N1200229W001	0	0	0.0042	0	0.9934	0.0024	5	5	CC
C_364738N1199416W001	0	0	0.0034	0	0.9966	0	5	5	CC
C_364739N1196227W001	0.0363	0	0.0397	0	0.924	0	5	5	CC
C_364743N1199863W001	0	0	0	0	1	0	5	5	CC
C_364814N1201249W001	0	0	0.7381	0.0384	0	0.2234	3	3	CC
C_364816N1197785W001	0	0	0.0004	0	0.9996	0	5	5	CC
C_364884N1201218W001	0	0.0001	0	0	0.9998	0.0001	5	5	CC
C_364893N1200127W001	0	0	0	0	1	0	5	5	CC
C_364916N1199307W001	0	0	0	0	1	0	5	5	CC
C_365022N1202066W001	0.0034	0.0425	0.0001	0.0005	0.0002	0.9533	6	6	CC
C_365039N1201882W001	0	0	0.4557	0.0001	0	0.5442	6	6	CC
C_365071N1199693W001	0.0002	0	0.0185	0	0.9813	0	5	5	CC
C_365235N1199902W001	0	0	0.0011	0	0.9989	0	5	5	CC
C_365311N1202046W001	0	0	0	0	0	0	1	1	CC
C_365314N1202060W001	0.0021	0.9625	0.0015	0.0037	0.0175	0.0127	2	2	CC
C_365372N1203885W001	0	0	0.9999	0	0	0.0001	3	3	CC
C_365378N1202624W001	0.0287	0.9704	0	0.0001	0.0005	0.0002	2	2	CC
C_365381N1202429W001	0.0033	0.995	0	0.0003	0	0.0014	2	2	CC
C_365411N1203702W001	0	0	1	0	0	0	3	3	CC
C_365450N1203963W001	0.0003	0	0.0067	0	0	0.9929	6	6	CC
C_365597N1202724W001	0.044	0.949	0.0001	0.0018	0	0.0051	2	2	CC
C_365600N1203804W001	0	0	0.0008	0	0	0.9991	6	6	CC
C_365622N1203796W001	0	0	0	0	0	1	6	6	CC
C_365669N1204154W001	0	0	1	0	0	0	3	3	CC
C_365782N1200252W001	0	0	0	0	1	0	5	5	CC
C_365849N1200393W001	0.0006	0	0.0044	0	0.995	0	5	5	CC
C_365935N1199532W001	0.9699	0.0002	0.0004	0	0.0284	0.0012	1	1	CC
C_366022N1203168W001	0.0048	0.762	0.1207	0.0441	0.0077	0.0608	2	2	CC
C_366032N1202976W001	0.0129	0.9723	0.0016	0.0003	0.0047	0.0082	2	2	CC
C_366039N1204068W001	0.0001	0.9996	0	0.0002	0.0001	0	2	2	CC
C_366072N1203154W001	0.0007	0.9939	0.0013	0.0018	0.0004	0.0018	2	2	CC
C_366328N1203793W001	0.0001	0.9998	0	0	0	0	2	2	CC
C_366366N1199710W001	0.8165	0.0005	0.0658	0.0001	0.112	0.0051	1	1	CC
C_366400N1203788W001	0.0024	0.9879	0.001	0.0009	0.0002	0.0076	2	2	CC
C_366420N1206250W001	0.005	0.1174	0.0082	0.0335	0.8266	0.0093	5	5	CC
C_366420N1206260W001	0.0053	0.2058	0.0079	0.0314	0.7423	0.0073	5	5	CC
C_366436N1205679W001	0.006	0.005	0.3542	0.0119	0.0002	0.6227	6	6	CC
C_366468N1203505W001	0.0008	0.0027	0.1245	0.0069	0.865	0.0002	5	5	CC
C_366481N1204871W001	0	0	0	0	0	1	6	6	CC
C_366544N1204516W001	0.0114	0.8043	0.0115	0.1551	0.0096	0.0081	2	2	CC
C_366611N1204238W001	0.0018	0.9571	0.002	0.0198	0.0184	0.001	2	2	CC
C_366614N1203968W001	0.004	0.9552	0.006	0.0168	0.0115	0.0065	2	2	CC
C_366617N1206349W001	0.0003	0	0.9951	0.0006	0	0.004	3	3	CC
C_366625N1206118W001	0.0001	0.0482	0	0	0.9517	0	5	5	CC
C_366644N1205318W001	0	0	1	0	0	0	3	3	CC
C_366844N1205863W001	0.0003	0.8398	0.0003	0.158	0.0007	0.0008	2	2	CC
C_366869N1204960W001	0	0	1	0	0	0	3	3	CC
C_366906N1203604W001	0.0084	0.9639	0.0082	0.0119	0.002	0.0055	2	2	CC
C_366911N1203872W001	0.3535	0.2923	0.0071	0.2808	0.0036	0.0627	1	1	CC
C_367050N1205324W001	0.0003	0.0001	0.0004	0.0005	0	0.9988	6	6	CC
C_367056N1205232W001	0	0	0.0018	0	0	0.9982	6	6	CC
C_367203N1204227W001	0	0	0.998	0	0.0016	0.0004	3	3	CC
C_367340N1204240W001	0	0	0.9982	0	0	0.0017	3	3	CC
C_367340N1204240W002	0.0918	0.0026	0.6131	0.054	0.0003	0.2381	3	3	CC
C_367344N1204234W002	0.0069	0.4956	0.0196	0.4541	0.0125	0.0113	2	2	CC
C_367353N1205946W001	0	0	0.0001	0	0	0.9999	6	6	CC
C_367706N1204502W001	0.0001	0.9944	0.0001	0.005	0.0001	0.0003	2	2	CC
C_367708N1204591W001	0	0.9966	0	0.0033	0	0	2	2	CC
C_369382N1202918W001	0.796	0.0015	0.0161	0.0001	0.1861	0.0003	1	1	CC
C_369485N1206907W001	0.0032	0.0001	0.9908	0.0001	0.0039	0.0019	3	3	CC
C_369549N1208371W001	0.0056	0.0001	0.0407	0	0.9536	0.0001	5	5	CC
C_369574N1208393W001	0.0019	0.097	0.0505	0.064	0.016	0.7706	6	6	CC
C_369691N1208427W001	0.0079	0.0001	0.5486	0	0.0017	0.4417	3	3	CC
C_369696N1208527W001	0.0623	0.0037	0.0303	0.0002	0.0051	0.8985	6	6	CC
C_369760N1208485W001	0.0117	0.2231	0.0431	0.0059	0.0015	0.7146	6	6	CC
C_369857N1207177W003	0.0023	0.008	0.0327	0.8383	0.0009	0.1177	4	4	CC
C_370005N1208429W001	0.005	0.0003	0.4468	0.0001	0.0246	0.5233	6	6	CC
C_370021N1208713W001	0.0009	0	0.9215	0	0.0027	0.0748	3	3	CC
C_370021N1209010W001	0	0	0.998	0	0	0.002	3	3	CC
C_370060N1208363W001	0.0207	0.0012	0.5875	0	0.3893	0.0013	3	3	CC
C_370102N1208907W001	0.0565	0.0161	0.0434	0.0002	0.0288	0.855	6	6	CC
C_370132N1208329W001	0	0	1	0	0	0	3	3	CC
C_370185N1208416W001	0.0029	0	0.9892	0	0.0001	0.0078	3	3	CC
C_370185N1208904W001	0.0022	0.0006	0.7207	0.0008	0.0001	0.2756	3	3	CC
C_370216N1208746W001	0.0001	0	0.9978	0	0.0002	0.0018	3	3	CC
C_370271N1208571W001	0.0241	0.0001	0.8407	0.0002	0.0006	0.1344	3	3	CC
C_370271N1208654W001	0.0001	0	0.9996	0	0	0.0003	3	3	CC
C_370307N1209082W001	0.0019	0.0014	0.178	0	0.8175	0.0011	5	5	CC
C_370327N1206185W001	0.4407	0.1937	0.022	0.0404	0.0036	0.2996	1	1	CC
C_370368N1208502W001	0.0002	0	0.9988	0	0	0.0009	3	3	CC
C_370391N1206385W001	0.0001	0.019	0.0002	0.98	0.0001	0.0007	4	4	CC
C_370416N1208127W001	0.0075	0.0006	0.9832	0.0004	0.0035	0.0048	3	3	CC
C_370424N1208816W001	0.0039	0	0.9765	0	0.0071	0.0125	3	3	CC
C_370463N1208554W001	0.0003	0	0.9964	0	0.0004	0.0029	3	3	CC
C_370513N1208938W001	0.0019	0	0.9934	0	0.0007	0.004	3	3	CC
C_370568N1203307W001	0.9273	0.0431	0.0006	0.0005	0.0206	0.0079	1	1	CC
C_370660N1207963W001	0	0.0002	0	0.9998	0	0	4	4	CC
C_370755N1209260W002	0.0008	0.0027	0.0712	0.9194	0	0.0059	4	4	CC
C_370768N1208074W001	0	0.0006	0	0.9994	0	0	4	4	CC
C_370843N1208527W001	0.0136	0.0054	0.0642	0.0006	0.0019	0.9144	6	6	CC
C_370880N1209257W001	0.0009	0.7745	0.0014	0.2103	0.0004	0.0125	2	2	CC
C_370899N1208316W001	0.0018	0.009	0.1112	0.8291	0.0005	0.0483	4	4	CC
C_370916N1208427W001	0.0001	0.0008	0.0087	0.9886	0	0.0018	4	4	CC
C_370993N1208213W001	0.002	0.2667	0.0566	0.5864	0.0006	0.0876	4	4	CC
C_371130N1205654W001	0	0.0436	0.0001	0.9559	0.0001	0.0003	4	4	CC
C_371418N1202338W001	0.001	0	0.0003	0	0.9987	0	5	5	CC
C_371852N1203899W001	0.0002	0	0.0022	0	0.9976	0	5	5	CC
C_371935N1202799W001	0	0	0.0002	0	0.9998	0	5	5	CC
C_371971N1205813W001	0.0008	0.0409	0.0023	0.924	0.0001	0.0318	4	4	CC
C_372110N1209213W001	0.0024	0.2816	0.0018	0.6975	0.0123	0.0044	4	4	CC
C_372213N1204527W001	0.028	0.0005	0.9684	0.0002	0.0028	0.0001	3	3	CC
C_372235N1205793W001	0.0001	0.113	0.0004	0.8832	0	0.0033	4	4	CC
C_372438N1206335W001	0.0115	0.0003	0.9834	0	0	0.0049	3	3	CC
C_372438N1206429W002	0.0001	0	0.9999	0	0	0	3	3	CC
C_372496N1203632W001	0	0	1	0	0	0	3	3	CC
C_372630N1204260W001	0.0001	0	0.9955	0.0043	0	0	3	3	CC
C_372832N1210649W001	0.0002	0	0.969	0	0.0001	0.0307	3	3	CC
C_372852N1210496W001	0.0003	0.0004	0.003	0.0008	0.0014	0.9941	6	6	CC
C_372891N1209899W001	0	0.0001	0.0001	0.9999	0	0	4	4	CC
C_373732N1206679W001	0.0042	0	0.9817	0	0.0109	0.0033	3	3	CC
C_373821N1208752W001	0.007	0.0038	0.8636	0.0007	0.0045	0.1204	3	3	CC
C_373843N1211054W001	0.0116	0	0.8246	0	0.0463	0.1175	3	3	CC
C_373907N1208835W001	0	0.0022	0	0.9977	0	0	4	4	CC
C_374046N1208632W001	0.0033	0.3776	0.0825	0.4964	0.0002	0.0401	4	4	CC
C_374063N1208568W001	0.0006	0.9284	0.0334	0.0368	0.0003	0.0004	2	2	CC
C_374116N1208318W001	0	0.2337	0	0.7662	0	0.0001	4	4	CC
C_374157N1208129W001	0	0.1013	0.0001	0.8976	0	0.001	4	4	CC
C_374332N1208743W001	0	0.8383	0.0014	0.1598	0.0001	0.0004	2	2	CC
C_374410N1210349W001	0	0.0373	0.0002	0.962	0	0.0005	4	4	CC
C_374449N1207716W001	0.0468	0	0.8368	0	0.1157	0.0006	3	3	CC
C_374463N1207891W001	0.0001	0.0043	0	0.9953	0.0002	0.0001	4	4	CC
C_374493N1208354W001	0.0012	0.9633	0.0021	0.0263	0.0029	0.0042	2	2	CC
C_374507N1207741W001	0.0384	0.0003	0.9163	0.0284	0.001	0.0157	3	3	CC
C_374585N1209766W001	0.0065	0.993	0.0001	0.0003	0	0	2	2	CC
C_374638N1208241W001	0.0027	0.9756	0.0011	0.02	0.0003	0.0003	2	2	CC
C_374680N1208491W001	0.0008	0.9406	0.0121	0.0375	0.0016	0.0074	2	2	CC
C_374699N1207441W001	0.032	0.0025	0.9362	0.014	0.0014	0.0139	3	3	CC
C_374707N1207991W001	0	0.0008	0.0001	0.999	0	0	4	4	CC
C_374713N1208674W001	0.0033	0.0095	0.9836	0.0016	0.0016	0.0004	3	3	CC
C_374718N1209129W001	0.0017	0.9456	0.0044	0.0467	0.0008	0.0009	2	2	CC
C_374743N1209593W001	0.042	0.8356	0.0193	0.0812	0.0108	0.0112	2	2	CC
C_374746N1209352W001	0.0375	0.9316	0.0023	0.0265	0.0008	0.0014	2	2	CC
C_374780N1208879W001	0.0015	0.881	0.0311	0.0788	0.0018	0.0058	2	2	CC
C_374782N1207971W001	0.0245	0.0132	0.9497	0.0043	0.0062	0.0021	3	3	CC
C_374782N1209757W001	0.0152	0.5692	0.0203	0.3851	0.0017	0.0085	2	2	CC
C_374813N1208760W001	0.0056	0.0012	0.9878	0.0003	0.0047	0.0003	3	3	CC
C_374818N1209227W001	0.0062	0.7017	0.0518	0.0027	0.0035	0.2341	2	2	CC
C_374891N1209810W001	0.0009	0.1715	0.0011	0.8254	0.0003	0.0008	4	4	CC
C_374924N1209507W001	0	0.2794	0	0.7206	0	0	4	4	CC
C_374963N1210032W001	0.0037	0.1538	0.6427	0.1667	0.0017	0.0315	3	3	CC
C_374999N1209032W001	0.0001	0.1356	0.0019	0.8617	0.0002	0.0004	4	4	CC
C_375016N1209293W001	0.0005	0	0	0.9995	0	0	4	4	CC
C_375130N1209532W001	0	0.0001	0.0436	0.9561	0	0.0001	4	4	CC
C_375218N1209804W001	0.0001	0.0103	0.0024	0.9869	0.0002	0.0001	4	4	CC
C_375224N1210196W001	0.0002	0.0936	0.001	0.9046	0	0.0006	4	4	CC
C_375227N1210327W001	0.0007	0.0957	0.004	0.8978	0.0002	0.0017	4	4	CC
C_375241N1210513W001	0.0001	0.062	0.0008	0.9332	0.0003	0.0036	4	4	CC
C_375252N1209277W001	0.0058	0.3534	0.6086	0.0269	0.0026	0.0026	3	3	CC
C_375366N1209852W001	0	0	0	1	0	0	4	4	CC
C_375382N1208993W001	0.0001	0	0.9981	0.0013	0.0002	0.0002	3	3	CC
C_375427N1210485W001	0	0.0021	0.0014	0.9961	0	0.0004	4	4	CC
C_375430N1209941W001	0.0039	0.8318	0.0099	0.07	0.0077	0.0768	2	2	CC
C_375477N1209932W001	0	0.0003	0	0.9997	0	0	4	4	CC
C_375480N1209085W001	0	0.0008	0.2778	0.7202	0.0001	0.001	4	4	CC
C_375513N1210393W001	0	0.0034	0.0007	0.9957	0	0.0001	4	4	CC
C_375574N1209777W001	0	0.0002	0.0071	0.9926	0	0	4	4	CC
C_375605N1209571W001	0	0.0006	0.004	0.9953	0	0	4	4	CC
C_375638N1208921W001	0.0002	0	0.9485	0.0416	0.001	0.0087	3	3	CC
C_375660N1210668W001	0	0.0001	0.0024	0.9973	0	0.0002	4	4	CC
C_375693N1209663W001	0.0001	0.0032	0.0174	0.9792	0	0	4	4	CC
C_375713N1209752W001	0.0369	0.0039	0.6031	0.0028	0.3464	0.0068	3	3	CC
C_375746N1208835W001	0.0146	0	0.8941	0	0.0902	0.001	3	3	CC
C_375796N1210124W001	0.0022	0.0055	0.0882	0.858	0.0021	0.044	4	4	CC
C_375860N1209027W001	0.1493	0.0008	0.3995	0.0115	0.4112	0.0277	5	5	CC
C_376130N1211307W001	0.0008	0.1259	0.0041	0.6066	0.0013	0.2613	4	4	CC
C_376141N1210577W001	0	0.0004	0.002	0.883	0	0.1145	4	4	CC
C_376180N1210941W001	0.0001	0.0013	0.0196	0.9536	0.0002	0.0253	4	4	CC
C_376191N1210499W001	0.0001	0.0081	0.0026	0.1702	0.0004	0.8187	6	6	CC
C_376322N1213413W001	0.0021	0.1412	0.0107	0.8192	0.0059	0.0209	4	4	CC
C_376377N1211496W001	0.0093	0.0306	0.3896	0.0736	0.0211	0.4759	6	6	CC
C_376470N1213162W001	0.0123	0.2802	0.0079	0.0887	0.0056	0.6052	6	6	CC
C_376535N1211285W001	0.0081	0.135	0.0014	0.4509	0.4015	0.0031	4	4	CC
C_376543N1210946W001	0.0021	0.0044	0.1589	0.8053	0.0007	0.0285	4	4	CC
C_376552N1210721W001	0	0	0.0049	0.9934	0	0.0017	4	4	CC
C_376596N1211549W001	0.0604	0.0439	0.772	0.0397	0.0508	0.0332	3	3	CC
C_376641N1210443W001	0	0	0	0.9999	0	0.0001	4	4	CC
C_376680N1211049W001	0	0.0002	0.0065	0.9928	0	0.0004	4	4	CC
C_376696N1210729W001	0.0025	0.0226	0.0156	0.0018	0.9569	0.0006	5	5	CC
C_376738N1211435W001	0.0103	0.8303	0.0517	0.0908	0.0111	0.0058	2	2	CC
C_376757N1210999W001	0.0012	0	0.9883	0.0104	0	0.0001	3	3	CC
C_376777N1211363W001	0.0217	0.9027	0.0175	0.0332	0.0213	0.0036	2	2	CC
C_376782N1210541W001	0	0.0037	0.0002	0.9933	0	0.0027	4	4	CC
C_376841N1210699W001	0	0	0.0004	0.9987	0	0.0008	4	4	CC
C_376852N1210974W001	0	0	0	1	0	0	4	4	CC
C_376946N1211227W001	0.0051	0.0607	0.0047	0.9126	0.001	0.0158	4	4	CC
C_376974N1213258W001	0.5359	0.2298	0.0192	0.1102	0.0271	0.0777	1	1	CC
C_376992N1212403W001	0.0121	0.1513	0.0332	0.0222	0.7124	0.0688	5	5	CC
C_377032N1210652W001	0	0	0.0003	0.9997	0	0.0001	4	4	CC
C_377035N1211035W001	0.0002	0	0.9987	0.0009	0	0.0001	3	3	CC
C_377058N1212998W001	0.0081	0.0611	0.0355	0.0138	0.3494	0.5321	6	6	CC
C_377061N1214199W001	0.0006	0.0006	0	0.0002	0.9985	0	5	5	CC
C_377112N1213611W001	0.0295	0.6108	0.0401	0.1478	0.1024	0.0694	2	2	CC
C_377202N1210988W001	0.0024	0.0002	0.476	0.4627	0.0002	0.0586	3	3	CC
C_377341N1213039W001	0.01	0.0902	0.0404	0.0156	0.7655	0.0783	5	5	CC
C_377363N1211654W001	0.0016	0.0624	0.0049	0.0043	0.926	0.0008	5	5	CC
C_377406N1212160W001	0.0998	0.2256	0.0285	0.6107	0.0139	0.0216	4	4	CC
C_377417N1211929W001	0.6489	0.1075	0.0153	0.1746	0.0523	0.0014	1	1	CC
C_377562N1213777W001	0.1971	0.7907	0.0032	0.0047	0.0022	0.0021	2	2	CC
C_377699N1212386W001	0.0547	0.5283	0.1487	0.046	0.0979	0.1245	2	2	CC
C_377813N1212515W001	0.0051	0.0936	0.0046	0.0136	0.8818	0.0013	5	5	CC
C_377813N1214420W001	0.1168	0.7528	0.032	0.0684	0.0185	0.0115	2	2	CC
